0	10000.0	10000.0	10000.0	10000.0
1	10.0	10.0	10.0	10.0
2	11.0	11.0	11.0	11.0
3	12.0	12.0	12.0	12.0
4	13.0	13.0	13.0	13.0
5	14.0	15.0	15.0	15.0
6	16.0	16.0	16.0	16.0
7	18.0	18.0	18.0	18.0
8	20.0	20.0	20.0	20.0
9	22.0	22.0	23.0	23.0
10	25.0	26.0	26.0	26.0
11	29.0	30.0	30.0	30.0
12	34.0	34.0	35.0	35.0
13	39.0	40.0	41.0	41.0
14	47.0	48.0	49.0	49.0
15	56.0	57.0	58.0	58.0
16	67.0	69.0	70.0	70.0
17	81.0	84.0	84.0	84.0
18	238.0	238.0	238.0	102.0
19	274.0	10000.0	274.0	274.0
20	10000.0	10000.0	10000.0	10000.0
21	10000.0	10000.0	10000.0	10000.0
22	10000.0	10000.0	10000.0	10000.0
23	10000.0	10000.0	10000.0	10000.0
24	10000.0	10000.0	10000.0	10000.0
25	10000.0	10000.0	10000.0	10000.0
26	10000.0	10000.0	10000.0	10000.0
27	10000.0	10000.0	10000.0	10000.0
28	10000.0	10000.0	10000.0	10000.0
29	10000.0	10000.0	10000.0	10000.0
30	10000.0	10000.0	10000.0	10000.0
31	10000.0	10000.0	10000.0	10000.0
32	10000.0	10000.0	10000.0	10000.0
33	10000.0	10000.0	10000.0	10000.0
34	10000.0	10000.0	10000.0	10000.0
35	10000.0	10000.0	10000.0	10000.0
36	10000.0	10000.0	10000.0	10000.0
37	10000.0	10000.0	10000.0	10000.0
38	10000.0	10000.0	10000.0	10000.0
39	10000.0	10000.0	10000.0	10000.0
