109479248
45166713
81564422
18309561
104825690
32898
22839271
512544
73762
950896
15343
120021262
8544677
34296955
3021129
183079594
96601322
57200637
26248
40382433
50667
17428657
118557555
35061
604878
17530
28001634
86344611
528046
4547640
19199669
50621521
450761
86209598
194227
47528663
77678
5919014
26572
113916
35527
110363107
59822670
2787197
1615356
77085
24714
27121
42823
48960
110284
37578822
44686486
111958542
58953395
35410
1021381
19771003
8781137
50308759
99487
91894130
46886
84969781
1424513
8807366
9766600
19210561
42707
639851
10457592
50684
86543520
36993178
34584014
40413461
32583635
40872144
122608
332006
26407
97465776
60611
133453
1304810
20445
8326725
1168606
9170215
61505628
39007
14767334
12669554
25872393
19963
112897
24072
112134
170648
1355037
24177
18452
83011
22512
11900521
44371338
63960
60410
381762
26578
26450
29524
19124614
49477
30332
62812
24808844
17346
2590926
40130
27675
193640
62083
5211459
31461
25711
23350
17339
25317
5392561
18777
163536
44046
18266
134062
37648424
29480
14375
19405
8321744
6394266
30967
16344
28773
36878
2426915
2538109
25957
20750
98260
22110
3241961
3449355
44768
24689
27306
23875
3212174
26096
1347360
95613
109130
47663
23199
34681
298166
27496
2909149
89558
234918
15010
362229
26717
180067
23831
54696
38812
17167
8308882
27147
26767
5351030
72029
3245339
231948
2429413
29398
38203
18943
776082
26148
17183
23139846
68852
16069
12888
23736
24021
27855
23694
22100
29845
25359
26646
8998984
34141
17690
30247
24107
83425
35432
46585
585687
17641
122800
52093
30170
15172
28296
26933
471801
875709
21051
24852
21981
18385
3649089
113493
130363
120030
32247
27385
1582737
2562192
28274
101726
27749
29496
31383
27629
5299334
1595220
47570
49390
24250
89166
30884
302576
31726
2608168
32240
51670
130018
1408480
40377
83402
49173
94281
59622
1304204
595136
618887
34170
136982
31841
32130
7774267
2266856
272178
612057
535690
2034849
26200
2246159
710318
40101
28346
48383
15272
1768071
27828
68242
68059
33487
22190
216874
31650
37744
87886
19906
837549
245454
32778
28776
354474
78360
313587
20793
42344
29822
48819
22146
544187
88231
15992
23376
56949
16855
333924
37041
26504
268952
642288
176987
40749
83237
28260
35723
21126
555345
46617
26557
32339
265333
24891
329495
631845
227690
59424
48962
86812
425309
102933
54986
76617
865759
26536
17095
1803729
27618
58205
536541
1355814
27809
17735
23080
36340
25222
185935
23578
38397
85483
291924
23419
26164
638685
31700
32320
67226
137560
87683
248181
57593
321405
122557
21902
169684
62687
20609
22346
26405
27525
40249
605807
25055
35119
20907
25119
107296
30089
140530
15834
23069
23147
687536
28146
19191
26818
71016
373019
191483
23066
44865
108034
710597
24658
25586
44829
19715
69318
30824
29777
31444
339362
56368
133931
62618
30462
37655
63299
22898
27020
22423
125172
21010
28294
528764
37559
35998
84689
25154
45758
16928
426794
17997
19542
647037
20616
22323
357624
132412
34236
126047
15962
20014
32043
39429
66066
26497
27612
151625
89542
118933
36990
22100
26440
37333
30561
23555
29111
28946
41936
564845
25165
21707
23066
24906
71918
39798
25141
292394
28298
20481
35194
23070
22412
29386
97493
62079
27022
84393
28041
39136
26850
20277
149094
42249
21320
28934
29523
19543
36396
28386
25695
33531
23741
23401
27408
22873
96801
42706
26542
89689
53156
24621
20824
26720
30391
24203
29269
20949
26996
193009
21775
143389
51049
50178
20609
78232
30625
104829
533317
29575
30850
147141
231098
17758
202140
50700
73766
77504
21837
70963
31618
297359
423967
39110
551629
148781
218512
56544
300827
211308
60709
77282
174789
40111
68909
153136
57614
96843
175878
135932
71947
56136
150188
39595
75963
64143
44139
191951
94518
41491
109734
26304
58747
54300
115109
61400
38997
198717
309862
40492
146655
91054
95709
40639
99695
46568
60526
215972
102145
144406
71789
51988
47425
39008
231445
55158
77466
57680
103674
132268
121937
33394
146152
61379
126978
75220
34337
54987
51066
39587
44348
79094
46420
31253
55203
39932
59277
26998
52776
44918
74197
49499
38906
62279
37063
49828
33723
32931
47064
134624
40153
38795
50825
31383
39770
67101
29876
28674
27186
25591
42461
71193
37224
25994
40320
30741
37421
24284
41560
20093
30166
32233
29039
42304
25500
50311
27516
31622
50356
27705
33198
44556
35924
18947
24195
25865
28991
23938
56043
20521
30170
42838
30024
32119
28881
32126
31747
29125
21834
16896
16939
21605
48170
29203
19314
26238
25619
23442
28740
40714
43014
52319
22011
56501
29403
26831
23319
28502
32125
18358
23288
23579
22434
38548
26287
30975
33028
27419
24037
24090
27988
48806
25985
36151
29697
28232
34362
37064
43341
17866
47552
23345
30295
22505
32769
21657
18119
22906
25178
19350
28179
19015
29022
36425
20066
29854
24213
18475
30923
21620
20999
28097
23214
32054
28015
24092
23563
32123
12513
19929
18776
54311
31685
16193
9137
25203
24086
23730
22007
23615
25093
12998
15954
25690
21002
27403
14632
29535
5894
15738
46928
30105
31723
23772
11204
13326
22641
26584
12698
