2135309
13085
18950
21445
10751
15868
16173
19751
15496
6211754
11190
87075
17173
14858
25666
302201
11223
39356
11820
14800
11634
16301
13629
302579
13187
11437
15216
29633
172898
32783
10913
12982
18998
27857
10537
12650
24289
12762
12871
15787
24827
9945
13682
28943
23422
15501
10238
16000
10829
19624
14428
13054
29579
25418
5463388
11799
17929
12618
19946
25785
18915
13059
14726
11403
16242
10193
14314
17557
42897
24641
15724
13098
10708
10470
12132
15043
36293
18737
13873
13349
10523
38056
32201
18874
13622
18286
16556
27947
11831
13467
11974
13280
13739
40232
2596628
27634
16376
16884
12333
14956
17869
14939
12841
16448
12095
33879
16533
14784
21162
18816
17143
14050
46332
17050
19588
19017
16657
13213
16780
13163
11525
15323
12950
32227
18125
60036
13218
12423
12303
13056
14352
25469
12865
1353323
14661
18248
17723
57154
11694
26699
11246
15272
16537
19148
22862
13463
11252
13899
20107
22729
29133
29049
18457
33256
13330
14898
42787
10720
16665
12751
17671
11697
14152
38371
11169
14576
19564
10765
18761
16937
10236
26957
18489
14757
13549
11978
14768
17049
10708
35756
14897
12763
32608
14791
17969
13306
18213
12017
49188
41162
23726
15617
15652
12130
43795
21746
17201
18459
20739
224741
12225
12366
11543
10799
14969
13860
17740
20565
12455
107721
16250
18115
11554
493618
19147
17233
11974
16900
22470
27001
10751
16761
20188
14183
20686
14342
12598
33986
17491
13567
19473
213241
30002
31382
10751
17425
19012
11575
11785
13429
13407
11032
12721
20513
12063
14201
11937
11037
10788
14551
17479
12909
17226
15899
14234
18707
25259
18144
40410
28355
11289
20270
20190
26342
21301
14783
2156832
66235
13641
12213
15099
15445
23871
12612
832716
16895
13714
14622
25219
17641
17500
13447
12567
20444
21172
9826
12793
13841
92485
23512
12546
18111
27886
19186
15169
19341
18394
15448
13018
6880045
10692
19737
13562
14150
20048
17258
16223
9763
22750
15062
14002
12045
18419
25258
14409
22269
10592
19315
38371
24639
19881
18386
12150
25986
11342
16204
17155
11402
18711
886254
11697
388856
26849
21728
1565839
15665
15297
46986
26642
15464
13402
168043
28852
15323
20439
19009
11124
11371
192839
52719
13410
11434
19361
31952
27473
10202
18000
11982
20152
15945
10983
12737
16489
12882
15579
13218
33620
11826
20459
19530
14242
15684
15578
17355
16118
33385
23546
18761
30476
14127
20318
481044
10849
10283
22502
15947
12321
13564
13330
24681
28233
10261
15992
15272
27150
12214
25689
37856
11101
18886
34378
15987
39498
14428
14084
17554
26637
19292
18930
11962
14302
11812
11753
12997
21173
12576
16632
36001
23619
22869
13744
19768
13981
12800
10593
18655
32761
16700
19367
18852
12282
18258
21810
12472
18287
16615
14180
30734
22077
22493
10350
17846
48151
10489
18140
11235
47597
23178
112653
11194
12361
31823
15282
42787
18643
14176
515114
12289
14018
14672
22413
13771
12696
15847
19638
10762
379002
19034
12793
13242
15583
11797
10786
13133
22844
52627
13037
20152
16140
10447
20889
16735
14173
11258
22127
10593
16165
28213
44496
16772
11459
13693
168043
16985
16646
15579
11232
10215
17121
14482
18693
14669
16489
30951
12312
11562
11759
26764
16828
11555
25194
16061
32640
13020
13027
14898
26960
12709
15660
26790
24502
15343
15760
15066
16385
11649
14381
11908
12379
23512
13273
16912
12722
12608
319975
188084
11525
32162
13437
10858
13238
11772
47438
11806
14517
14659
21303
12061
12438
60897
21083
18086
20803
13279
21848
18874
10833
13702
13701
16524
11707
12335
11871
17030
22796
32216
14380
14224
11691
42897
24503
10678
15193
13606
14808
20816
17535
10022
17389
13598
11707
16465
14063
11564
16335
13729
14335
14833
19583
13810
14035
12763
36176
12806
10982
28190
14576
10619
32669
19069
19341
31823
14237
23137
13848
17174
10743
18397
117324
12201
16693
28684
10931
18763
17157
10527
34144
13914
29315
13895
15464
19450
12862
23409
28600
18671
13324
27308
11852
64617
16896
42039
13077
23409
11562
18469
13335
16555
14393
11980
18097
14001
13228
12709
9940
16207
322973
10659
12618
366693
13437
14237
12384
13359
22339
3623625
13980
13709
16286
20386
28229
13276
100435
11599
17935
11004
12040
12737
24834
18352
16018
27600
10786
17225
12569
12333
11721
21396
12642
30432
17880
12589
13809
4587665
11385
10986
25674
23007
25239
28213
10829
12137
24697
14818
13822
10939
19186
15180
14784
11317
15718
12412
13204
13976
10784
17239
18974
14133
16922
16244
13516
74143
13473
4207028
24577
26232
12324
2275293
3623625
1630549
23834
10632
19723
20905
24492
21717
18344
15850
11910
12683
12214
23166
13973
30454
16242
12408
11112
148113
13335
12384
11137
11662
27443
14454
15035
11513
15127
12946
16729
90341
14466
13768
155196
18331
13386
11527
16291
21434
23339
10198
19090
52198
18902
19122
18226
24555
21528
12456
26244
13227
11220
14685
22832
27478
15996
12550
16301
21896
14539
17097
26192
14543
13990
11426
12815
124098
42214
180538
2275293
15039
15917
11695
11530
16118
21445
16240
19033
12446
18974
14603
17232
10736
19113
16150
539982
15047
14872
709773
16824
15752
14076
13738
12245
15731
11538
18394
12096
16695
13019
21170
11258
10137
15496
12961
15571
374795
20618
21370
22659
14961
11356
153178
11428
23886
3623625
12087
12587
18584
34973
24109
18326
14332
15632
20554
17846
17151
13280
14682
16309
12716
48988
27360
12533
15065
10989
23110
18806
10514
15517
13290
14252
31321
25544
22225
18157
18911
13163
10488
11371
17219
35925
12340
1459666
10980
19458
19487
13208
10522
18069
24914
18320
21512
16808
11326
15639
13981
14534
20338
15743
32821
24575
13378
18386
11595
35537
20956
60180
17060
14145
11295
15151
10915
27118
18341
25865
11840
16386
11430
15296
15238
19368
14768
18315
16132
17239
235045
15157
19751
13747
15207
14748
16073
19447
17397
23381
27865
19443
14039
23020
17530
5488106
16184
11237
15401
19048
14204
23040
27101
12517
20530
13533
13424
11990
16705
27473
15334
16922
14497
16624
23104
32059
19067
12119
10883
19443
10640
16976
14807
13271
20912
13459
14082
26949
18402
11366
16356
16542
17158
11694
24808
30951
13437
23032
12471
16288
16753
21916
14050
25364
12749
10378
18691
14459
23619
10360
10758
16273
11405
16505
14076
15241
15251
18737
13864
21055
18290
14808
21842
248209
11806
13626
18321
11125
24763
11024
15752
19148
22578
18691
451058
16453
12672
13891
25986
28411
12099
16435
10604
19035
67936
11320
18246
225191
14212
29503
13786
14330
14600
16155
11178
19029
1285921
9523
11691
17922
13021
18315
42674
11134
11096
20484
14964
13376
14984
13014
32178
23238
18604
15157
12019
26257
45748
11745
13710
18940
17088
24934
736543
12056
20082
12744
24153
48294
17914
14465
21831
10879
11304
19088
12389
11088
66889
13749
23616
10978
14808
15818
10163
12045
26643149
25659
13185
12095
17063
25666
28881
17057
16084
28284
16868
20342
11058
34973
27877
20217
10563
12130
23727
15353
4329100
16773
26705
16567
28881
17804
13715
12340
14849
16014
16522
18473
11250
15478
104171
24086
26857
15732
11499
13415
14005
17864
18406
40837
15659
17978
14173
32153
16588
2867496
12327
14305
10472
13376
10879
11697
20803
16792
33709
26644
12843
11325
34645
10751
16472
17295
19968
11522
12400
12571
33557
34014
14372
22747
24193
15463
16505
17999
13219
19233
10573
325384
16752
12162
37267
9939
13882
20461
10806
4587665
13462
13946
14828
15775
19595
16882
20636
15115
11759
11388
101182
16912
12612
15660
44497229
25194
13627
22707
13402
10379
14042
16317
15373
34378
14192
17012
16990
14639
11750
17740
19222
31039
25196
18887
13627
12785
29575
19858
24408
11197
10170
32875
17250
21966
20376
11141
21413
17045
28541
10784
14299
13285
14031
17710
11105
83044
16020
16988
38220
13168
18331
14299
17658
15081
11285
341109
12921
18929
12943
16019
21122
15252
11044
12809
19481
12980
15097
16228
15015
15210
12305
16163
42158
13795
17658
120172
18492
14893
18286
20614
729545
15092
13731
16196
29810
21346
13067
13418
31685
14234
17045
19217
10108
17565
10200788
11769
15815
11475
16951
18547
11026
22209
14605
11143
63238
19219
24979
15428
30732
14753
13574
19049
18900
11135
15898
14326
16153
10894
16173
12815
15537
18219
12888
12337
16196
16161
38504
13993
18305
11367
118407
11055
20619
13734
20558
13459
13324
11064
12593
12629
13907
12862
14877
22805
19756
12300
15416
159966
14161
26551
14305
11378
12669
31000
19836
23648
15244
13622
16108
12339
16742
14922
23983
14984
11303
17910
224741
8764896
21721
15102
13351
29545
16579
16061
14291
794499
18611
13280
14499
11845
12416
11072
15759
17734
17565
14908
14881
11634
15855
17625
26256
17183
24791
71595
28766
17969
11236
14739
18169
12904
14716
17646
11641
17801
13054
15200
13020
18136
41180
18714
17701
28454
12114
16973
15266
19035
10462
9304919
12998
12149
13412
15638
51488
12583
11799
30923
17990
10551
26848
21387
18447
199793
21109
10956
15520
11320
18057
13509
16767
14386
18909
38116
32493
15655
13567
15016
13410
11279
14513
11077
13853
16566
15387
12343
12669
11592
11856
10821
15432
10751
24187
24332
14962
16069
15384
33135
11206
360970
5418292
15745
25574
10639
10914
21647
24597
14130
36670
23474
23848
18913
13533
12793
12695
13410
17436
18244
12751
12290
17327
49160
15412
48342
15108
16233
10546
20805
37759
20801
13767
11176
15042
11734
56618
20717
821497
166779
211063
11773
15982
22420
17458
22339
13921
14406
18157
14224
13656
11055
77393
19354
11927
12125
13285
13325
11868
25327
13141
18447
15092
12415
15868
23459
14202
14034
11599
14872
11427
11645
17361
19821
18060
1110241
32211
11746
21264
14668
12475
17883
23665
13067
23387
13123
14424
16213
13626
43310
25211355
15565
14873
15532828
9804
17542
14507
47117
13335
17010
14169
15743
19376
60036
11397
13245
16138
20811
36770
11117
35344
11282
59532
53371
437845
2867496
12107
15418
21402
19012
4587665
18618
10807
22964
11312
17110
10765
107721
25171
814168
17058
20952
32819
20309
12904
15594
13415
16228
14361
11131
20485
12289
480102
11427
32978
11161
18751
25259
13991
10767
13732
15631
14779
28368
15934
16138
5608502
14181
12443
15672
17408
13861
44096
9708
11800
14382
24633
12043
18432
26767
13054
10770
14985
12415
29693
12456
15839
15158
12642
12883
19029
35176
12253
13990
13820376
20553
13254
14951
15749
27039
20015
23759
20084
14375
15180
10163
11431
13450
248724
17830
18137
17796
12843
14224
13276
21165
27303
14800
23698
11110
13899
17157
49925
13847
24717
27722
24973
14487
31023
16951
19183
14880
15425
16293
35884
14203
19923
17413
4083991
24589
16856
10751
99546
29661
126657
14150
10914
35053
21427
38212
25713
528942
9708
11958
12744
20308
15659
12563
18547
18248
10624
45769
12017
14915
21613
14709
13643
17060
14766
25259
19047
11454
10791
10898
14330
20673
10312
13822
23069
20120
17365
12580
17553
24001
591124
21077
11178
11358
12238
19442
25038
13019
238097
32071
12275
22026
12009
18996
11103
21462
39163
13979
12253
15019
15792
19450
32685
5331786
20189
17841
15506
16187
14748
14600
14616
12092
13240
13325
18915
14126
13172
10623
13846
18696
18064
19987
22455
12747
14120
27308
10433
14958
39498
23172
15075
14269
33187
17291
16412
17173
18725
19292
21204
43379
20130
16084
22766
42054
13085
4565163
17975
13240
29750
18495
14677
23142
31498
12862
16325
10779
25269
18231
15034
12247
16056
15992
19765
11555
22001
21676
15917
15236
24503
15601
11244
85324
16342
10204
14088
12684
13819
16357
13579
17018
18885
13708
15943
14311
11627
17373
13632
9595
35053
11363
22538
18249
25227
11192
18386
13133
9523
11030
23846
10382
15169
14140
248587
13543
25391
11581
10796
45570
41407
11567
11601
16591
202025
25432
10982
17244
18393
27989082
21626
21301
11390
14753
12371
16069
16383
13405
13106
12808
12721
75949
14116
23409
35950
16454
75818
33158
13178
19254
16818
26822
19737
17625
13842
16692
17905
14603
16973
12920
20558
10575
21301
15055
1967418
10488
11103
14030
13922
11697
17935
16268
15180
19387
25437
14285
13811
11804
10692
14571
16543
32178
19776
10726
19292
26999
18469
35849
13204
23134
26263
12590
16873
19859
18517
17013
18305
13749
36674
149831
18877
12040
32517
15161
17291
12653
13138
20902
13784
12539
25096
34008
13420478
19472
107721
24024
12865
13629
27608
11250
19191
15794
14186
17187
13330
11269
9414549
28333
24407
10608
13655
10666
15625
15773
162858
21484
17337
12517
17022
14781
16166
11236
360571
22644
110013
31326
10815
13208
19233
18560
27037
15251
15689
9949
20222
13091
19514
17259
16356
17201
13964
20686
31515
10202
24309
11306
29545
20107
28994
12096
20803
55267
10541
13032
11053
12977
12775
17289
11845
1770877
14591
17076
14168
12904
14630
1346131
18668
13664
18761
29775
22182
17429
12589
14922
326806
18168
27935
12506
16301
21957
14249
14314
14537
13497
14838
15508
21032
24994
13253
21083
12721
11290
16873
15384
14804
15098
12598
12871
15543
20303
21811
10775
14765
12902
13133
25659
162858
25865
12289
18939413
12213
16431
17491
18362
12365
24446
11312
18902
20998
19315
32178
28541
493618
10917
11096
31685
17707
11040
12386
15977
24372
22827
14426
98638
13498
19191
11966
14033
11544
25330
12323
14703
18014
21676
16401
26501
28835
39947
19186
11833
27908030
26699
13393
11868
515228
10935
21928
15157
20107
27781
15826
62456
23137
18691
10734
124075
18383
7590454
22797
42667
21454
13047
21071
182290
11820
16744
148113
34144
4985187
23207
29024
36770
15893
28609
14089
12774
11761
24575
18541
19341
14072
18813
16242
29299
16045
12031
14654
12698
10205
18891
71054
40731
16091
11592
10373
28198
83044
12920
21858
16075
3075533
23178
11868
26530
10829
20386
17021
14786
16073
11275
17232
10502
41748
12666
16029
10842
11397
16039
10657
40806
15208
17185
18713
15823
24493
15667
21301
17697
27101
14628
11727
18489
24555
14928
16569
15077
16695
18865
14703
13158
87075
20082
13141
14753
1070440
15706
16579
15995
14749
22476
20747
12772
15800
16398
11378
12283
27921
12524
142897
12782
9433465
10959
15848
12427
15331
12876
16436
18720
12021
28038
13678
24589
14070
12793
886254
11296
15986
12321
14661
15859
24809
22805
19243
13242
19938
14833
17822
15350
18277
22723
12130
20636
15218
22319
14780
16384
13071
22761
11759
11038
19836
23087
17634
12088
20105
15968
14956
15117
11578
14120
24001
15314
24107
18864
14838
11657
14069
15522
911372
13848
21168
18092
18412
30176
14692
17894
1070440
14211
15579
10375
18822
14317
11123
13668
12535
12810
18584
17608
12092
11862
24827
12388
11466
10523
19113
27314
15653
21821
13065
18607
31758
16803
18529
1251800
18452
22792
20552
39181
17957
16844
17110
12674
14541
16044
20159
19568
14030
14305
16035
19907
15269
16584
15731
31950
12280
11178
16059
31484
14308
24138
14437
43839
30902
14345
13888
14277
27877
18192
32296
25789
14962
66260
22103
14286
49864
13329
13627
24639
20053
12892
11199
14461
14365
66170
28077
15917
14896
335955
10868
16199
33385
12767
10537
13331
11709
13276
53820
22476
33702
19089
11722
12203
13290
38126
13472
12021
15774
23042
16192
14362
10755
11515
2891740
12821
10473
18720
14661
17061
11448
14437
36546
15899
2386120
13908
5418292
16753
27857
13597
44649
12104
18014
30392
11400
12750
35950
11852
14881
655526
16629
271450
19012
17733
1540652
13172
12240
16473
18822
13630
13806
12172
20461
16384
302579
15476
57114
11135
25426
14675
18716
10733
12455
18473
15514
19011
16377767
16358
25985
12009
11176
1459666
14874
15413
2544086
14677
15102
11996
17207
15899
27841
14073
10200788
65695
16769
32092
18459
30866
16549
28128
515114
14716
14365
13587
13154
515228
18307
23459
24781
13719
22642
382132
10806
21823
18697
11152
20958
11357
17014
11149
11925
3496257
13378
13497
14604
1540652
15241
18348
15459
814168
20786
14610
15997
15161
19687
22695
12563
1652073
26608
9819
13497
13192
10719
10989
20547
13655
17761
19794
13015
12809
21722
12155
27875
10640
43432
14758
17503
15742
17928
15279
18852
16549
11634
83210
28085
18828
10956
12856
23075
25795
24880
17201
16692
46134
26403
18049
23156
20107
17761
26262
13204
19238
12084
11480
14341
26257
14586
23087
10099
12074
13763
14786
12346
13784
14164
19660
48015
17042
20459
12574
31823
27886
18886
16341
18912
15749
128157
19330
12750
25831
23771
27945
16802
13153
15454
286259
2151186
22393
10458
19271
10866
14925
72157
19923
23178
27600
24154
11339
15094
10380
11541
25149
48474
18470
18584
437845
17121
12205
14455
10631
13075
20519
26644
39837
24555
3150357
12227
20819
16873
17157
10370
22862
21966
14925
12290
21640
21247
47944
20097
15334
20190
18015
26875
40596
12392
12389
13089
25038
19514
12997
10834
17630
19555
10477
14284
13085
23448
11137
14137
14332
11908
19121
11972
15093
10797
19776
19065
14620
16243
18866
16288
13804
15511
40229
16608
11581
14683
12439
22349
12737
15105452
37897
30862
56791
73284
32060
24454
15528
12231
17126
15500
56410
911372
16915
15870
16844
10107
14650
11230
17734
16768
10625
21896
13664
13105
11507
10734
12785
14444
30206
13473
21722
16971
12067
10736
14020
11866
15718
29024
31603996
13476
13422
10454
15467
14692
18806
12994
13843
11059
11294
17554
27425
16973
16303
42054
12324231
12781
22421
12005
17581
15344
14704
18332
19395
13672
21979
13272
25259
17723
23087
31199
14454
11702
29770
20689
38337
13194
15826
19535
34875
15656
13005
18402
12253
10198
11419
47751
16163
11249
13718
12510
24152
13121
15164
12302
26928
15177
10946
64617
15178
13629
23065
11987
9523
28147
12825
12911
11100
38975
18435
27997
18473
22491
10936
15238
14644
14341
18255
38293
11815
40378
27935
35646
39598
36674
12588
15678
14706
18806
15880
14291
10408
12395
13258
13012
22420
13415
12666
18937812
18746
13873
11547
22526
13183
11347
248209
12991
11972
16673
24206
17362
11059
21847
22034
16006
12837
15168
11572
13766
14428
14821
149245
21454
17280
14211
17317
15359
11639
11482
12952
13697
14955
10578
12654
13626
11032
22382
15353
12328
31685
13463
22802
13675
15815
22725
27473
12359
12469
11762
17563
22360
16000
10480
13325
17255
16268
16131
11851
39988
21979
18733
20660
36511
13434
13275
10887
19017
14916
14998
11984
14176
25259
24376
20206
12285
20902
12598
14426
13865
13094
33835
18122
11420
22964
25022
15715
18137
16938
12873
12271
12984
11368
27260
34241
29586
14639
13268
16717
13479
16665
22225
13459
18459
20251
21824
23988
19002
15087
48294
14588
14682
16203
23383
22793
14807
1459666
15678
18087
21776
27057
10787
15442
20309
15935
1624810
26057
11275
17113
19716
16912
18902
14271
14764
17110
23981
18887
13081
45748
13700
22322
17996
24555
13682
18641
14482
23891
13125
13676
17710
13218
17671
11037
15995
61937
13422
7712484
18560
32092
12739
25171
19233
14638
26928
42897
17075
12104
45030
27047
13675
16009
22964
13410
21319
12725
13165
15062
15289
24628
10724
11032
37988911
17538
144169
13067
13039
12521
22040
11522
11808
16442
16494
11409
10107
11110
34118
23721
27303
22016
25659
11113
30599
11334
18635
10891
12435
13832
9414549
17554
13113
10270
23087
63704
57114
11897
16882
27663
22578
12569
13960
15786
18320
12280
18841
17839
19772
35053
13853
11303
18067
19973
21039
28038
19416
19714
12335
12982
11059
25864
14873
11334
13796
11178
56350
13240
10688
13901
14172
11727
12296
18301
16532
18665
13163
12952
14318
12438
12723
101182
12797
13614
14084
11846
58280
103608
574609
19562
12464
19941
14096
11548
12654
17609
20565
13882
24274
467957
30485
15413
26053
15528
20528
25674
15433
17252
14074
437845
23590
26316
18279
18396
14500
19235
42792
12628
19414
29477
19003
11875
14381
41162
10779
15390
30923
19373
13297
19936
13005
10688
11376
13703
18874
13627
15805
15954
44660
22901
14528
13875
13218
42661
15865
18874
11645
15238
19921
15689
42478
20080878
17081
17163
114071
9151020
10539
12797
967318
11347
17472
32216
14188
18562
11279
18607
16729
11246
101182
4565163
16830
61058
236833
40806
21569
12904
22189
18751
21394
38753
13895
18358
11564
21683
11875
26849
15686
16227
22062
16549
23172
22843
13349
10920
14624
18517
13877
15917
10681
87481
11907
15174
154641
19507
10741
16059
15588
14130
35053
19233
12290
11887
25327
25835
26551
17060
19292
14975
15849
13007
15816
25530
20251
19574
42889
17832
13185
27604
33809
11910
13982
12096
20417
13815
20845
13227
5665779
18351
16705
11236
14315
24494
16403
15954
29661
16606923
13411
15052
21137
21059
17140
16446
11848
13335
13678
12741
21094
13039
11042
21131
14541
18069
23069
10362
27700789
19660
11094
14383
20816
2275293
72337
12693
20485
11412
11544
15676
16679
13144
27947
10772
24455
17256
11757
21823
14317
12641
19607
18389
14804
10379
28731
44168
17922
20152
14768
7130133
10879
35222
14706
14429
30859
17019
13345
35785
1119172
12008
16396
11788
43379
9777327
9819
17255
11170
21387
2405211
17402
6360725
17295
13472
10797
11697
22349
22843
13518
17193
19367
19350
12889
18255
13253
22469
11577
16266
68349
20150
75700
19588
29800
1160311
20356
16598
24587
11253
15740
15460
16359
19053
14243
10995
18427
19120
11038
11112
17251
14140
11594
18256
26214
13419
15117
16534
11100
13381
21548
10952
15331
12617
14219
12535
16988
14278
11793
31603996
17707
48638
18057
10971
13856
34570
11767
11935
13676
18649
211992
11966
27461
12892
4706966
20811
11768
788827
16078
30399
11172
19595
8160543
12721
42338
11728
11678
15749
28414
11312
13082
24393
12283
14173
12448
12516
15793
17155
18840
16534
32071
24834
18671
6887728
26467
14090
18164
28521
11366
166779
17877
14856
58162
17630
15398
16524
11352
27039
23087
26033
23547
10970
18726
20879
11863
22932
20721
11485
14372
18140
17687
14468
13974
14455
34378
16009
26063
1190175
11611
21065
11262
29579
11616
21957
16242
18043
18886
21906
82976
11110
24589
1456795
15528
27583
11156
10743
11569
11033
14361
11550
15278
18164
814168
19426
10928
23207
25883
13819
16761
17201
12808
124075
13497
649317
14998
13292
26024
11811
16957
13088
12751
23988
19205
26530
12709
20159
18355
42107
17657446
11195
94401
26091
14804
10563
19725
17926
15289
13254
13158
18511
24853
13279
22075
11296
32059
16679
23069
18569
24641
13385
15703
11295
12503
20190
16505
53088
40229
19493
12988
15095
24388
13200
11258
11649
13027
21853
13720
25432
16760949
27455
18073
19544
14314
21942
13562
20015
10261
11347
19918
15232
20391
10141
11966
34094
49655
15954
15609
10888
13980
10918
11868
11827
13007
11064
41312
19384
11790
28492
35222
16620
15013
63787
11358
16882
15615
33986
16388
13356
15265
19776
11261
14487
22712
28643
13673
19771
16882
199793
11601
34211
11649
37711
128531
13507
14890
12123
13320
16403
28122
16915
382132
19939
13242
11472
28994
15772
17846
12633
13875
21370
12908
10876
36452
23726
18255
26983
20306
24202
13714
18307
12063
16097
23648
17545
17392
28411
18910
71054
20246
21297
13806
12197
10703
12318
49770
16738
19092
14375
16908
16075
14548
18194
11336
18639
58562
18168
11102
12501
23620
11091
15678
14753
366693
21529
30533
12170
10370
16659
24965
13419
14896
16572
40304
21992
10940
17832
14363
12376
17994
18641
16356
12843
12685
10785
14665
15298
13487
14305
23140
17269
14084
15509
14221
15491
18830
15625
15536
10502
17402
286259
71054
19939
15592
4083991
15016
13510
85823
13351
2782000
17381
26033
14918
17317
19808
17626
12229
14805
31382
13234
20717
11209
16532
15216
18887
30890
24452
13845
13401
21743
31203
39837
17635
13447
11694
16262
22594
12092
15083
12941
28478
19682
12844
18561
22168
10680
42667
14134
14174
20683
15361
12511
14221
13623
20552
19056
20097
51081
25255
10848
15539
19086
19344
16176
18100
19956
21050
11551
16398
34564
21585
15932
21790
11480
19599
26822
11409
13726
53371
16359
23240
17028
11515
11278
15724
33013
80273
23462
11693
15783
20802
18663
18219
15681
15403
12308
28198
32471
35264
11487
14952
14363
14934
344249
15898
23356
11966
22619
25532
12366
17458
14825
13447
12078
25432
17761
14223
14889
11576
17166
12285
39348
18671
18994
23892
15190
15625
15917
16357
12116
9409
14872
24531
10955
19609
38135
21529
17911
15267
22043
23019
13786
23695
24309
12056
13678
11765
11216
19874
34802
14605
16225
10408
19354
13022
17005
13381
14829
11815
10193
11694
14499
24268
20075
40197
10303
1083738
17019
18886
25255
17781
17296
18435
27069
20558
14907
17741
17007
18364
12980
14750
12613
23759
13629
11576
16056
21728
12804
16359
10303
13093
20356
33068
13732
14940820
66829
18214
11978
13178
40006
20958
11040
10849
19256
16192
16446
41505
17374
27726
14333
19031
58513
11429
976951
11260
16022
18582
12767
46876
13278
18393
19939
16684
11735
12716
18388
13976
21012
13537
15451
11896
10029
700611
25426
14454
10424
13780
13694
24917
11634
6103312
17381
15061
25219
18765
15288
21068
17939
11690
3987644
30075
10067
14045
15767
17157
18096
27023
12133
19473
17272
14333
42338
10503
17424
4207028
11178
14186
15358
13695
16767
39498
21083
44219
11649
25330
20530
15972
26608
10353
16375
17461
23939
21402
22077
11944
13973
19940
19624
25769
1119172
17582
21071
13116
15095
12871
34802
20552
16792
62456
11988
23981
13126
10219
16160
14603
13258
12807
17851
21721
11511
22605
27068
3227936
25985
21122
47507
11339
28523
23208
24659
12510
13873
25612
12176
14383
17946
25269
13738
23393
11578
16027
5883348
11096
19493
12940
46129
19449
23358
13378
128179
18718
18643
21165
10633
18793
11169
18869
14877
12684
11250
58280
15361
17800
25404
13566
13054
16944
22553
18910
20356
795596
12693
15757
14530
24730
20065
17641
15878
13703
34008
15760
11431
18907
16085
19928
14565
45030
16821
17507
11787
11072
16412
12920
14211
12490
12857
37103
286130
19103
101819
18873
309650
16192
22026
56488
12193
10337
19191
17012
15546
24761
19499
14310
20011
19140
13528
16485
5665779
20952
12172
53299
11381
14180
11827
11660
18737
13566
31985251
46554
14237
20950
14929
12876
11854
23356
13053
13396
20552
11205
18533
19449
16836
18206
11788
19012
22240
19992
14420
26177712
14726
16533
12275
32189
35905
12319
47438
12583
13275
26949
25831
10689
16368
19041
25327
2733427
25255
14238
43501
15752
21728
73015
17911
13304
16494
15979
16589
1285161
69013
18584
17646
14547
13593
16317
11875
12822
23727
12158
17076
10989
15267
11595
22454
11984
15879
14717
28414
23096
10973
12300
24153
12715337
11419
18877
1071568
12221
24866
11342
14342
14431
21541
10768
24985
50956
27775
39837
29506
11455
13145
18691
16969
14266
10931
10755
17957
14279
15562
35406
11645
12998
14748
15571
17397
11278
13509
10849
2386120
13578
16500
21032
18403
10736
26651
27180
2482497
41584
20613
13046
39356
13763
11095
74656
14078
11116
19012
19604
14780
12753
15094
21968
20834
15374
10866
22077
11240
18623
13786
12612
18095
30096
17296
11114
45570
15774
15763
14709
23344
23307
18619
13414
30351
14872
17815
13071
18083
20691
16820
10385
28579
12375
15107
14849
12343
16376
11061
14219525
128179
62406
19335
15361
13738
19309
12774
17382
17060
15009991
24059
42699
17098
23393
11694
13110
16773
16710
11748
12948
16281
12141
48418
11010
15613
53969
17050
14998
21628
16662
21162
65206
11723
10946
23014
19335
16957
35306
15601
28684
11787
20760
12172
124098
19392
17738
11170
16794
17397
15983
2156832
23040
17239
25168
11297
11169
34471
21831
28213
11195
13495
16473
27395
24580
21992
14875
48342
23749
17926
11430
21134
21018
11931
15062
10475
22286
15631
23592
14174
20109
28067
15282
14556
112387
388103
18932
1190175
19576
13708
8743868
21220
23331
11178
15954
30914
14173
14709
15709
24388
15722
14686
15093
11787
19858
13882
13899
10091
14436
16768
12674
12671
42209
20513
26506
12718
17050
14087
15749
14673
18810
39676
18561
16759
11223
34538
16189
11549
10785
28847
25171
11690
14951
16228
11722
35053
16201
53062
18153
12156
28024
59606
10017
12674
37921
11806
16084
11801
10946
10814
11010
13619
12721
49188
24808
27425
12881
13384
11267
15197
28397
13410
120981
11342
17435
15689
13275
14414
14330
14319
10749
6024631
27180
16073
12799
12721
899017
23308
12328
23069
38863
18562
16721
57836
287607
14766
16729
11938
15377
23149
15996
72821
16945
16259
16066
16265
15432
14640
30787
14130
12799
16730
15720
918575
13578
11452
15779
12653
10463
10974
11278
19789
14892
12687
20997
11656
12343
17673
22764
37071
10489
15451
31000
12335
16004
14506
19115
13205
25701
12361
13238
14047
11590
10548
1353323
81462
11420
9943
19032
18611
12799
10508
11935
23020
13671
2482497
13213
8764896
15873
13747
23331
13164
17170
25404
26316
13407
68803
21722
13808
17472
18704
30734
12233
34662
18323
24914
14709
55591
14073
341109
37231
23193
14319
85855
16619
10891
15800
10995
18432
12598
19368
12427
515228
14786
34645
10842
12937
15102
17999
11171
18797
21758
18045
15969
11101
17740
30480
18235
14414
15758
16824
18000
12113
22339
20275
11420
16497
10488
23115
18192
18265
12806
10474
15390
11318
18671
13185
22146
11817
10836
14368
16684
16552
13886
31537
19487
15445
11577
21633
16674
31134
15748
87481
16265
15551
11304
16063
22752
23180
14065
19149
14124
15310
13385
13219
21210
16268
12876
18246
22001
12967
23462
11431
57239
17883
13329
16000
20519
15087
14114
14124
19047
17538
1456795
18968
17286
48047
18417
22944
30862
7431063
11788
15221
15361
12499
21442
16103
17544
53850
51997
11906
31556
12604
20111
13554
14774
12809
10870
18037
12032
13719
12078
12792
21271
17609
19647
16867
12957
20553
20459
9633
11440
12051
25161
33565
11662
11544
18996
15218
27957
5221968
19222
9927
13218
10940
11141
13329
11402
13911
13386
12533
14709
24322
19624
12182
16258
11230
14568
10927
18002
17537
11670
66260
12793
14353
10656
17654
12578
20284
17614
16032
16855
17474
33744
26090983
10280
12764
19086
10688
29658
11905
16017
10781
16153
15103
14488
56263
10845
18714
12119
22460
348607
16496
16314
9891
11761
14365
12611
11372
10219
11929
10156
26623
16317
43616
19899
23046
18459
11515
18014
9937
17755
180406
309674
12464
29357
13775
25977
12825
21992
10022
15454
18319
13886
16907
11812
21298
14915
30176
12669
10776
15265
17668
14065
15537
11523
49886
13714
12395
28254
37583
18656
372778
20518
28766
19341
16945
10940
13739
12313
12664
18912
18201
13530
13806
13334
12369
13145
13148
18283
17939
17812
12328
37483
26197
17818
10937
14702
20004
12435
22438
16650
18129
15786
23512
20139
12517
19367
17389
73681
12017
11935
11398
20111
14896
16766
14360
10271
13786
11190
15982
28128
6103312
13204
18118
12829
23665
68288
10312
23704
17939
19765
12340
11433
11086
27270
15049
13675
25259
18943
13768
14067
10451
14854
17935
17975
11211
8521576
13513557
12282
18470
24962
18737
16873
11759
15371
16103
10522
22160
28526
15665
91003
11105
14315
38753
18467
27039
17320
14399
11499
12061
15401
11334
1706218
15735
28943
24777
18415
12171
16475
15917
3150357
13297
11535
11740
12913
13554
13205
18136
81289
17839
14124
30161
12654
21979
20521
13498
12825
43248
17634
18501
16522
22404
10717
11126
19092
12498
44496
309650
11660
18524
14556
12439
22182
15800
25079
13936
11560
18656
16712
13726
13509
28367
14808
44096
15280
11717
18136
23018
14265
27241
11384
40014433
15390
16363
23344
107721
11983
27118
31465
14074
40115
31321
23387
12442
48015
21743
20319
18301
28284
13733
15740
12920
32091
16907
10720
20686
11118
13877
17660
14053
1706218
12716
10632
12516
11374
16150
11400
19921
18645
12149
29545
38721
13279
12111
11440
19789
15091
23983
21790
13004
8259679
12396
3912866
11978
16241
15088
16267
20745
14789
10488
39306
66829
15969
16647
12449
10608
11427
10592
28144
12412
19377
37516
14553
16692
11285
13619
23568
12529
11190
13425
25269
11887
15272
12935
23230
15210
14049
17765
17109
15350
18574
12290
32338
15361
55808
19927
21520
16291
12045
10948
12592
37058
20956
45672
21713
14372
14072
14269
14308
28792
15469
15036
50140
19459
18014
14354
5908199
26857
14112
14589
24575
15604
11544
11515
16378
16169
16947
10150
12757
13679
23431
34118
18401
17767
12400
38135
19923
17901
17594
14203
11592
17576
38753
24626
20267
19618
14702
12798
14242
12310
10946
16017
11816
2544086
45469
18623
11823
12040
12160
27419
15179
14074
1319865
14492
19367
18716
15718
12035
21717
11848
19192
11938
10400
22892
10799
13237
18402
948640
21571
11737
40397
12592
10337
21109
18697
37925
35111
17679
11833
21957
17170
68349
15696
26773
13819
19781
27223
21728
15893
9826
14431
14219525
15823
12749
37071
14345
14386
12559
13553
18560
33879
10214
15286
10104
28782
16122
16368
21728
172898
13374
11443
24514
11493
13179
20553
20686
37071
11787
19003
14285
13137
18643
16141
12382
13964
24376
10108
11599
10751
19499
17047
11692
28214
27395
15461
15919
142897
18045
11525
39598
18718
15133
10736
16771
11420
11263
21029
18256
81462
18199
16018
15127
28792
14094
41180
20032
48474
64617
13784
27336
83421
22028
21512
11448
13012
13273
16471
16270
55550
11161
13272
17935
14142
11717
13497
26572
23156
11041
19844
30914
49200125
14217
13006
24318
17472
12453
18731
35445
11413
16182
14219
13853
13407
15418
17103
11353
14038
18587
15539
18164
14161
27463
12915
976951
16434
10743
16794
10761
29397
27489
16218
21476
13113
21722
17676
15066
22360
20675
53177
27645141
886254
20227
16679
21626
10084
186651
20763
15745
12114
20958
27047
18034
24979
11892
19297
15666
25149
24897
12384
15690
26761
20802
13238
14299
13943
12400
12078
11717
51997
26649
12227
92303
37106
9763
14019
14571
12737
120878
8521576
49044
14517
16650
14620
16436
11777
15435
14219525
16647
11958
16314
20099
14335
18675
14915
29506
13890
10870
23947
13110
20185
11592
17929
12588
10807
38056
12637
18323
13734
13381
16137
14466
14914
18185
15758
17994
14800
18985
13065
18884
13702
17075
15460
9495
21202
74656
28726
24126
35151
14315
18195
18492005
245731
12305
21346
30757
18767
22077
15120
14067
15983
17964
18277
31127
20777
16701
27698
12523
16443
23304
32869
10845
16693
20739
20021
11793
21039
33701
10907
12967
11270
16150
13744
17665
29543
34144
308923
11236
14818
15201
14300
24979
22240
16714
34094
27124
22553
10788
13252
15106
18543
15615
26983
22526
18789
14238
26257
13695
26847
10360
12566
37507
14313
18606
12784
30787
16598
12992
14150
14300
20424
12327
13795
13359
11377
17052
20763
16380
15758
19386
15779
26163
49770
20719
14231
21722
19307
15751
19396
12687
1015004
18305
19275
10860
17178
10870
10576
16045
14009
17765
15420
10907
15803
11060
25269
18332
13384
14102
35537
21842
10981
12074
11538
18969
15816
13192
32526
12093
18940
12310
13050
10462
22721
19716
25241
18038
16218
12317
16555
14130
20461
20486
11114
20890
13276
27491
24660
46690
13142
15724
35368
84658
16616
7827
24917
18888
15287
16218
25366
16209
13432
21289
17842
11333
11515
10408
24248
15654
15826
11830
13922
16448
10082
14398
60180
16522
15108
32563
21528
27186
19776
27771
11908
27645141
15492
10727
13163
14851
20284
18606
12386
28307
19714
12998
13510
12257
14659
28567
32493
23308
926220
16729
14882
154480
16826
10463
206726
12756
16904
149245
29599
18274
15593
13093
12359
31134
29220
14838
12446
10859
18185
35306
21999
54966
30715
11064
18429
23554
15219
14786
11709
14413
11181
16063
11141
12280
12230
20481
15197
17755
18862
14178
19494
16088
16527
38988
19122
22043
22269
23561
16595
15654
19115
19233
789837
23250
17846
18335
24514
18837
33849
23233
15758
10203
14065
18557
10736
10271
23020
24059
13027
21827
18315
14677
16665
10761
27438
26884
22028
23065
24497
50956
12469
13266
14362
11513
3623625
17957
17371
14661
18895
16667
12259
20105
17356
11054
22998
13468
11236
10770
13630
791625
14784
11622
11759
77393
15430
37058
17141
15985
10734
14909
20931
49081
13407
11037
14148
17554
12834
97104
16066
13864
13899
18377
17373
19009
19200
12045
12172
18149
21857
18989
18866
11058
21843
12387
23193
11297
14429
14610
18368
11160
47324
140500
17922
12715
11342
19128
17140
40551
14375
18440
12908
85823
77786
3673120
25795
13744
17969
47252
18431
15194
16443
12930
10734
343841
36433
19889
15278
23328
19350
10356
18235
13631
4639716
11871
3673120
14260
24625
10559
15252
15597
16187
12722
13818
14257
10433
12486
16745
11168
19318
22594
15180
16678
505499
16572
13150
96872
14889
21283
11381
15241
17901
25259
22995
20087
12195
14851
12737
15387
12285
20461
18383
11800
26203
2523103
11340
13860
224741
5488106
33187
15659
17045
11160
50140
16615
33418
11371
16301
17670
13218
19847
392450
14692
13509
11454
5301528
17076
18810
14224
16550
16874
14155
16949
15374
12054
15463
11295
13960
13323
1770877
12948
13032
11278
18915
14204
10683
13703
18897
11964
19049
11585
18069
20553
11803
15910
16673
382801
17631
17741
77276486
61806
21842
15019
15537
15972
18062
15321
47944
23007
18000
19269088
12413
12793
15230
12239
18290
21640
16239
33701
10688
17765
11524
10685
19173
20949
74340
13877
13945
25100
12613
16072680
20927
11896
15383
5910902
14001
14644
12290
12215
18839
12282
11610
14335
12744
16129
12300
26246
16650
14127
12620
16496
21167
13651
12244
20565
11910
11138
13899
13609
152082
16150
10970
18915
12587
12485
14201
15440
12862
13629
13656
11726
19442
11748
13107
14301
44158
18453
26645
14534
12865
15601
17772
12871
28367
18558
17926
11753
1967418
15263
17731
12349
21803
10651
13947
48047
11044
15884
11631
18530
12590
27187
15374
56618
15187
15460
36947
10883
18231
12068
21848
19276
13654
13914
10471
15709
10806
11124
10517
20717
23427
13353
13227
35111
10355
39837
18443
15281
14204
23180
12439
18690
14603
13093
12029
20104
21494
15217
20783
25067
21901
12206
12565
20029
12160
29661
19931
26764
16261
11335
11937
22588
17846
17513
16507
12808
16773
22644
14300
11646
12915
21614
10812
32875
33158
104913
22482
10485
17399
15184
23568
11749
42661
16362
15097
11875
20142
13507
14681
18332
24109
11465
43888
12567
31313
10908
12588
17953
13494
10575
11487
18866
12324
12641
14598
11780
17089
11105
12202
14158
10783
12723
11214
11722
12770
11856
11759
319975
4329100
13537
19776
16973
10521
33187
16673
13720
1285921
17955
18358
58162
52888
33835
12059
99749
12729
19992
93710
20174
22892
14717
10801
29464
14112
13784
16137
16314
12721
10695
15201
19562
11309
17544
17274
14528
11697
14829
39163
11816
21356
17021
20424
43677
14276
22269
12493
206726
236483
16129
16561
15284
18018
12406
61508
13679
11348
73015
11708
13614
19676
13392
11799
11190
16664
10982
12726
18943
21984
10085
17791
24670
38565
13035
11955
11197
12002
9628
15089
16985
17901
21204
20065
14096
12762
16404
14437
21077
13168
16383
17421
68803
16040
14852
12125
39936
13541
15324
15263
11395
12486
12338
46841
14553
19851
12882
47211
15180
11320
19239
12468
11548
17986
22766
15343
14571
25874
11709
21413
25038
10955
16724
20107
24170
20264
15314
24953
12849
15589
26818
19074
15517
12093
18587
15983
12389
11817
14382
12486
19923
19584
11846
23149
13917
12538
25101
12217
18091
14009
16273
18069
14620
15301
16439
20152
22098
20032
19459
24268
16674
14345
9891
18900
11659
15644
19441
16064
34377
16609
61867
14520
11338
14279
11454
35925
225191
17730
29599
47106
17115
14145
19848
12571
12922
34679
21039
22723
11001
11779
15648
16824
18478
11443
10862
15214
14984
17689
15588
10352
574609
32821
16039
18140
11778
32059
14431
21986
25437
17084
15175
11232
11904
13728
19806
24273
12296
10815
25458
12795
42510
17830
10837
51696
11689
12026
19803
10163
19217
17201
2991375
12984
12726
11734
11117
10936
14318
18527
22767
32188
13632
55808
10989
21613
18301
10399
23354
17616
11033
28526
29501
11213
13322
13744
16761
12215
39988
37839
26609
22225
12276
49188
11487
16368
11696
27241
16090
31313
37103
16729
10787
13700
16573
25865
12075
69098
13392
11055
11574
17141
21031
13382
50959
19460
13276
13077
19245
14571
12285
22183
14881
20251
20777
17796
16387
15500
16662
19029
11339
10490
14461
14173
13136
11820
12980
18171
126657
17982
5823292
10724
276111
12487
189921
17829
33644
21109
16679
12925
17931
16027
23648
12335
12801
33701
20247
24335
11590
14466
17295
17548
11908
16397
11437
12079
16588
11560
20834
15491
20308
23046
12462
45030
12284
17426
11520
12825
19219
13018
18287
788827
13109
17804
3150357
18866
21297
14414
13450
18441
18909
16153
10246
18340
20157072
14548
24193
24914
28782
12877
16647
19012
23137
12438
14784
39348
17472
18362
16075
14243
14653
15774
1483416
11987
11493
55169
14792
17935
17481
19227
10289
16258
21782
16794
11797
14922
10724
14178
11199
12007440
25985
12389
24268
11229
26773
14804
18164
12707
11516
15678
13990
34159
18878
20970
29114
17096
17158
1630549
11765
11814
14659
38126
13655
13960
16259
14073
19361
28847
18825
13739
13955
21247
12280
27608
10688
11253
18764
5301528
18763
17894
15212
30923
12649
33540
36511
72344
14577
19235
11862
9800
19535
12992
17436
17742
13815
19416
45287
12911
14268
18995
10022
12469
12478
11278
14938
10751
11905
12244
25795
10719
10718
15464
120981
16678
10293
13045
14345
17713
13834
11751
11862
13865
93859
14063
12019
19341
58562
18609
10946
18326
48294
15233
17309
10427
15387
20159
23919
18517
17975
12429
11896
11295
19448
14509
29770
17368
21357
12413
10350
12335
30399
11377
21301
15210
11291
370949
37711
4379889
202025
16187
18246
14120
14639
80696
26949
15013
27157
11599
13866
17608
14504
11475
16794
15960
19995
13541
10625
14078
13592
17707
13258
16389
20956
15197
10498
16803
12760
10774
14492
13632
11681
24580
32772
10261
12063
16542
11284
12760
12290
13007
13529
15658
13316
21906
12060
28290
14085
47597
19716
36293
10703
326806
15272
16672
10509
14991
13795
13161
15865
21758
19245
14644
14278
16195
11481
25022
14692
12389
13525
16439
1437563
12772
308923
25391
17630
16436
11727
18091
9414549
217378
15474
50956
22214
38745
18168
27023
16457
13497
15161
12426
366693
11942
14299
10976
19748
15440
17685
15758
12365
11131
11451
11749
26623
14412
17234
18789
18696
14703
13700
17166
13142
918575
23685
18100
39498
16261
14135
14217
17683
23641
289702
21824
15371
18624
11452
12766
28190
19335
12019
9932
14201
117074
16112
12009
16473
15638
16824
10593
14414
14349
13117
15683
11385
18475
24523
51081
17524
12917
12283
12148
11005
17707
11134
12000948
18763
17495
15607
10814
15280
18587
13098
9758
19818
17732
15689
10619
13367
12453
27203
182290
16938
15787
11906
17251
13348
12931
15982
21722
13600
22355
20308
17371
53686
18985
18517
24400
15382
15418
10744
53987
15180
14023
10623
14226
25868
229854
55393344
18873
19857
11936
14370
14517
14896
14265
10726
17702
22244
19113
21512
17880
11857
12283
14085
41445
154641
18671
10352
13021
14041
17344
14792
10494
17640
28606
13061
16588
18069
2386120
13232
15373
13478
17290
14421
198459
64381
188084
13582
25550
140500
33775
10576
13424
10950
1702227
34401
24809
14470
14031
12166
17435
37581
10787
26750
12008
12744
11988
25260
16314
16726
11933
18763
12471
13614
12620
11423
38507
11246
272874
12423
25068
14723
20269
27961
19765
20217
10608
16947
13494
11114
15085
12485
33709
16342
28039
18443
18571
15190
12087
14226
26873
11829
298590
13290
765464
10963109
21484
21790
11096
14600
101819
10085
14291
23137
11866
13199
11858
19754
13526
18986
17267
24422
12116
11104
10692
21548
20352
13300
16586
28606
10983
10733
40026
12709
19487
11681
23619
26960
13118
14409
16363
13111
18427
12063
11994
37921
16583
14050
17399
17734
11581
14750
15631
17103
15090
19757
46727
10913
16840
20927
22168
10221
15292
14420
14345
19923
18245
18140
41263
14069
17935
89743
13276
19723
302201
22805
24910
13292
12819
14005
25151
15935
12054
11599
15565
18383
45983
14094
15442
4209529
18454
24891
26203
18666
13447
32471
13306
14936
10797
17912
47944
14856
15803
13242
12231
12625
37364
18764
13076
14218
15289
18315
16957
13375
13453
39993
17554
17091
11485
19092
10962
15718
309650
14622
16244
14223
33145
11358
43714
15244
24815
15917
11908
19103
13053
189971
12168
39993
19029
21705
13118
5970095
19392
1967418
19231
11587
11858
10989
13784
18563
12816
10503
12389
66096
13726
11429
31321
13179
67217
13601
45570
16137
12862
20264
19921
16403
87605
14413
30196
18994
13752
23886
16657
37583
18495
10156
10886
15103
13494
15532828
17502
26948
17926
13419
17361
14551
13277
23759
13091
11878
17762
11005
19276
11498
21743
11753
19847
27775
10511
34000
22672
19416
19946
31689
16976
11325
24670
13718
12991
21744
12350
17864
6887728
16274
19029
14899
12498
9847
15533
79871
11596
18702
19148
2553628
15035
13204
13088
17561
14033
21421
19185
13739
18767
16000
14361
19695
15039
16916
21271
12387
15201
14112
18786
13068
14139
13468
12338
23233
14892
17066
17041
125424
30176
15442
17885
16567
15763
12834
17706
14786
11780
18886
15138
90907
10669
17679
16288
16916
35096
12736
12707
19140
13562
632255
13354
13992
19300
12416
17274
18470
10708
11601
14346
17637
17456
12461
315636
12220
19049
13512
13690
21986
12030
14589
16520
36293
11432
13450
12750
26790
15115
15052
16920
17274
42504
17086
15625
15906
10156
20381
15683
25676
19766
14138
11543
10888
17791
15448
151843
13923
14662044
12015
12497
18869
13841
23695
15464
13253
23925
11595
11555
11765
23628
11309
14178
19189
17381
1421349
19847
19373
23767
11974
11139
14727
11943
14916
29800
14355
12123
15760
14939
18129
14778
14086
9937
17458
12736
14991
22767
18606
12772
13709
35357
11100
11561
13258
49160
13980
12060
12168
360970
25725300
17827
20719
13338
11172
18641
16470
10781
18642
12501
21271
13581
17596
16439
12583
30057
20747
24446
12055
13194
26999
18299
25242
13133
18793
15174
14471
11908
12774
25769
10490
22377
11868
10650
17631
26949
20879
28852
12071
11240
19011
26256
26414
9943
15087
11875
18739
16470
13901
24910
24153
106321
27260
56350
13811
13780
23093
10955
18517
17110
13213
18087
12343
17178
20510
13349
11735
11445
12666
19188
20439
20530
15894
11209
2544086
11032
11339
14226
11409
26332
12649
10749
20082
19185
10736
12943
12305
13276
10065
13416
14637
21758
13285
211063
19267
13946
10303
11658
26252
19460
47278
24023
13599
38716
11358
14082
22680
16747
2991375
12412
15306
15238
25778
21790
128531
47117
15066
16672
30692
14323
12596
12873
18670
110013
12984
14529
26257
28067
16240
15901
15865
20483
17660
12312
25430
12734
13955
28233
12499
19443
21394
222781
14326
27039
16378
41427
10380
9965
22707
23749
11678
20721
25574
10017
17291
10362
5488106
1437563
18332
19344
18524
17910
23547
16820
19914
17014
11087
10497
17163
729545
14380
19079
14365
14833
14426
20304
14368
23415
19452
14515
21420
29852
32818
12991
13175
66890
10480
10479
14494
11101
17045
15086
17724
11221
17729
14571
17245
12637
12053
13330
11342
32350
13748
16999
13727
12317
18866
11904
15975
24730
12677
18836
15941
12808
11256
16687
15606
14793
17050
13079
20292
15384
10408
11493
33145
12857
27549
11439
15965
17317
16412
19292
11983
12588
22076
15158
19222
15374
19344
15358
16615
16927
16734
15554
25193
11017
119415
18080
19806
18670
13397
11390
10200788
13766
10980
18442
18083
10976
15070
11695
928223
11735
18444
15677
46690
11258
11451
14000
21145
17320
18910
12832
12023
19598
12310
13142
21603
28740
22996
17411
10931
12991
10359
13207
12069
10211
40014433
10399
13455
13414
632255
10528
25187
18427
11194
14753
14468
15263
16957
18122
14180
10855
17733
22964
13886
14877
15539
17183
14152
574609
15756
21915
13014
11817
20104
24408
12387
16987
18639
10666
42889
23511
12801
11179
11412
18111
18015
10532
11431
15743
26761
17290
29357
10678
15652
18756
10489
35884
17982
13148
22877
17424
13671
43673
16795
26192
12015
16900
10962
37943
12984
11147
13219
10084
11046
14437
11929
29357
15777
23020
14086
16343
18068
26309
12075
24681
11487
25015
15997
12848
16675
24126
14223
19941
20139
14836
22844
14257
17290
25663
1437563
24053
15199
12900
24659
11951
10593
18235
14223
10149
26899
19482
14786
15343
14858
21301
19473
19517
14375
22974
18923
50304
11935
11845
18195
17537
21298
19511
13747
18813
33996
11487
20983
11496
19017
11014
29501
13888
12173
14354
19757
14130
14789
24815
11416
24640
2040730
12696
928223
24376
14908
10952
11100
15654
21203
11424
17571
14412
14712
21722
18251
36727
34313
14685
18179
16357
14774
26316
12252
56830
3150357
11573
16780
19017
19493
17676
18290
106321
16216
16744
22072
18443
16532
10640
55723
12607
10286
21367
12130
11373
19687
72058
25663
19076
18587
14416
13615
14439
11427
11592
19748
10691
17011
20519
83421
14571
11045
51242
28835
12628
38745
18726
18868
17296
16505
15157
11268
12421
20109
14079
14112
21853
21758
23803
32090
11813
18737
14161
16041
11031
16673
26884
12828
12104
19206
10736
11236
9758
11268
94401
14133
19256
13098
17040
16177
11420
231159
14173355
29133
14568
302201
17315
14607
13507
20902
20786
11987
16192
18247
76237
14925
24999
25258
14624
16421
22925
16550
11716
41954
18517
38116
14754
15077
9965
12284
4379889
17710
22709
72157
14173
18290
28726
16085
18120
19871
30890
23409
16744
16455
30226
14116
17408
3583577
19544
11431
26403
11988
10169
16303
18527
28284
13860
23456
15831
17318
11256
14951
16808
27634
20177
12583
23184
19321
225191
15435
13923
31892
27016
22902
10891
10370
20152
15206
14196
10625
11118
18797
16772
14764
21370
16724
26482
20889
16670
20269
69894
13554
15091
19067
59909
11897
94401
13022
24626
13468
14368
14346
15086
14467
14520
14168
10261
16035
17178
20719
35646
23388
26192
16990
20087
19454
32363
18939413
15659
10650
17364
44107
12654
28254
17554
10704
19768
17013
11995
19757
31047
11221
12119
14009
20541
22777
20712
13714
13655
12352
30787
16744
32250
23042
15901
11982
16256
13426
18383
12188
15180
44571
15794
57810
13468
27270
14365
25769
32546
13130
12940
17007
12290
12506
10454
17201
12618
14691
20721
10203
21853
20082
13744
10632
21449
31127
18909
22146
10922
11203
13690
17170
14638
15454
12844
11764
18291
14528
15103
10991
15749
27481
10628
26649
41445
15785
10215
22777
19776
32004
18240
11585
10610
11762
12386
55258058
11015
13173
24575
22461
14466
9758
16389
19545
11592
24827
28024
38680
18008
9807
10868
17274
12059
40006
42667
20076
23825
48638
16401
16204
24787
13035
24803
14302
17292
24641
10793
11145
159966
17955
15735
19024
21210
22797
15740
25270
14309
19387
34869
24626
11759
13307
18432
13771
28987
35454
21289
17356
16650
18291
18550
26342
15358
16550
40410
16288
12819
11167
15189
29543
26024
3059558
21150
48474
18897
13738
15023
19473
11935
15982
73015
14203
15775
17518
14625
14650
11988
26418
16482
33135
153178
14428
30599
16648
13956
11376
13895
14499
22322
11358
16839
17110
17999
14140
18714
18217
16121
49925
14726
25986
12856
16019
18168
28517
14309
38293
10786
10922
16616
32785
16325
22160
17848
10639
13505
20093
12619
11550
18394
12087
226703
43782
15092
13999
17169
35053
18670
14768
18783
21167
11717
15177
392450
18869
17040
15206
17630
11340
18986
10847
19256
15816
16616
66260
514435
28254
17337
12228
18299253
23864
16022
12563
13213
11082
12040
12808
16006
17225
11342
18330
24866
24434
18469
14155
14385
19928
45983
20319
22169
17919
2009511
15876
11820
12366
20618
13273
16812
21390
11935
21162
14393
148113
11316
11189
10669
388856
15969
17436
20054
10604
11412
22851
14178
15416
11532
15520
12217
13168
70364
18475
10914
12590
20614
15819
34378
3928192
30099
23162
28254
14825
12600
17969
17374
12749
18087
11706
13808
16753
15815
18997
17257
15383
42661
29543
12574
19493
18671
16895
11598
18670
20107
29812
154912
25996
15785
27068
13007
15593
21370
14852
15067
15982
9151020
16900
11812
14697
23249
505499
12687
18862
15772
12672
13232
12920
709773
13786
12883
12762
12020
14116
15369
43792
17761
20227
10898
11285
22043
12642
297892
18756
28454
18258
16274
19047
21722
12063
30176
10875
18974
12947
21728
65917
21571
32003
16830
23250
14152
10408
11637
10082
16831
64381
15013
13392
21001
16776
43714
12283
18568
10141
12183
34008
10797
14096
6887728
12809
25161
12489
19875
10787
16401
11042
12435
33550
43391
15250
19985
12583
14424
17995
17050
16572
17474
12885
77393
29092
11875
14724
13479
12400
12034
14604
18018
12497
10950
15659
14454
16916
11044
10666
12666
30734
22187
13882
15625
23104
42214
15601
14661
51093
17525
24691
20660
11059
45446
21402
13247
16465
19642
10163
23867
12672
11897
20486
19995
15265
10859
11017
20206
15353
11143
42504
14568
17295
613500
14164
9914
20849
12238
17296
17327
30568
13843
11463
12172
11220
911372
15200
13603
38116
15433
15555
15086
22645
30458
22155
24529
18029
6301
21760
10734
15470
16615
17657446
46433
13278
15879
11989
10596
32236
15617
18320800
17989
19412
18194
33926
14412
17089
21831
15537
12146
22802
18913
18330
12620
22382
18765
29775
9804
14414
31426
14043
18009
15369
43391
23759
11815
26276
28847
15598
55723
13194
17668
12349
11581
26024
15454
10479
15638
13027
25259
11300
16895
12398
11989
12231
61806
13222
17361
13566
16692
11810
15880
10675
12435
16236
26822
10376
20519
17042
528942
14783
43248
23536
14222
11239
13966
15272
29264
15418
22009
15454
12628
16730
19863
13392
14204
14078
23988
15771
10592
9940
20207
29750
18913
77244
15910
14291
16440
17894
16475
10373
24318
27260
10785
10303
14714
11944
30595
27113
40731
10683
10855
18246
15873
19341
19188
16868
10280
24542
17382
15968
11995
24853
11388
16507
16475
75818
11623
14424
11691
13494
18073
10781
15522
13810
13099977
12691
17953
11239
11457
11801
1160311
16256
19067
18985
10974
22398
17515
12035
11235
11925
13731
11846
29105
23848
9573
14622
14704
16046
13652
16411
9763
13067
13674
13270
13359
17239
18192
12233
14601
19396
49932
2867496
11113
128157
11497
24697
15676
33158
22793
22129
10864
11792
16588
15512
28835
16482
21746
12707
124805
29827
14640
112653
15177
13875
18319
10813
12045
32189
10691
13744
11359
16724
13242
13297
10461
19031
13913
20927
10359
14644
19940
13625
34471
30322
14152
28198
24138
18936
13252
25022
20251
35445
105597
26039
50188
13822
14207
18168
11548
16683
12531
18519
14880
10799
15448
9847
9595
19480
11356
13168
11256
10549
16780
12162
11046
18083
15033
16332
14765
17596
17457
11734
20554
10940
15492
14538
37816
15209
45390
26957
13682
11646
75991
16895
11091
20129
50536
26414
13905
10815
16238
12806
21533
10640
24577
15019
16583
24918
13302
10952
16896
13552
11156
17473
11029
11603
13526
12698
26818
12822
14086
309674
9937
16261
21303
11004
74807
15357
16073
11517
18569
26244
11061
15168
481044
16596
22672
20530
12017
15876
20519
14164
11270
26396
15297
15852
18634
24641
18293
21083
24918
40006
36707
11376
675744
15976
11080
13928
10704
11411
15996
890145
16595
13429
18492
15992
11132
12075
16591
14754
16108
8743868
30196
18287
13849
21541
12342
29877
10463
25694
12921
11625
10280
20819
17922
68263
12672
22644
12784
23655
24791
43432
3227936
20344
11527
14622
11660
17729
35264
14300
12961
50536
14135
16225
19360
18157
12225
10029
16709
213241
24216
14201
25227
9758
12253
14138
13943
12067
35344
17760
18649
10469
12753
18142
20685
18051
24781
12206
18931
15910
27157
16397
16708
10879
19541
13706
28068
16286
18525
16209
14781
19857
30760
12586
23903
115160
15880
12510
9623
13194
21763
15884
14065
17030
11950
16634
63252
10813
28521
14783
120411
13543
26705
18561
2523103
15097
11342
21845
12221
16844
11908
18492005
12131
15574
16169
18821
9758
19219
26530
15316
13897
10902
14705
19962
15208
14138
11863
19092
16602
17159
14190
11194
20315
15408
13432
17461
16803
10866
11520
18973
19801
17804
17939
11694
10928
13154
49081
15740
17945
35067
10946
58562
23641
13427
16819
11211
33013
17091
13946
10575
18887
40744
13307
18057
15120
18286
18877
18388
18869
13631
14729
1425543
13306
97104
21200
11521
11658
12073
15384
12300
18332
20308
12197
14453
12059
11415
11960
30284
12821
18546
206726
31079
12566
13231
10022
18068
15573
43714
19858
15800
15066
12448
13172
11808
12513643
11480
11017
13669
16556
18008
12498
14449
1081889
45030
15491
22421
18303
21271
14299
34903
11772
12832
10876
16913
15070
11026
235521
14437
15797
17849
11001
11277
14757
14872
19057
14793
18110
15847
42124
14938
17866
16321
16156
14382
11307
53371
11572
13763
16204
13614
14180
13976
13077
22925
22843
12170
14383
12935
19179
12206
18142
20099
44107
21346
13564
15934
15468
10786
12683
22319
12486
18895
10799
19707
38565
21588
11169
11840
11374
13792
10830
21507
19384
31134
20139
11102
23323
15117
18739
12649
20950
23344
33096
16170
55169
18974
10485
12747
10686
11031
22642
18389
15801
26192
25420
15811
11570
16252
21283
18986
11161
12567
90599
21274
11974
16372
11878
27223
85324
15113
32059
26163
18825
16380
15594
20553
16471
23282
11138
388103
21394
20889
224741
21722
20159
10651
12911
13651
11253
2405211
26083
22214
26493
12722
16027
7115855
16358
11678
11170
19863
15476
16205
14299
17982
12708
15343
21170
16244
25474
26647
18355
10391
16897
11342
14534
11555
13922
20188
32798
27750
10692
20673
17110
19646
10657
2867496
13005
10150
24815
13258
16828
10616
10692
21854
17381
38863
4587665
15870
43499
15374
12238
11535
14709
20640
72864
20616
15420
17007
13234
11318
16233
12653
14888
14571
10029
20848
13614
23140
26414
5970095
11156
13782
16912
49655
14429
17339
19149
18120
12170
14267
37946628
24928
20912
15722
16912
11611
12017
19524
30099
21717
18878
16527
12358
4379889
20222
20087
9945
10010
16073
18303
16496
21039
26090983
12819
15128
11693
11263
12920
31465
16664
12571
15274
31682
222257
10490
11498
15286
34211
12328
13784
12238
15199
13015
26253
26501
10908
15514
10849
19625
17849
12803
10736
16844
13844
2913366
16868
27781
11735
17258973
21722
11896
17995
12453
18331
20798
20120
13194
12017
11238
18890
12859
19555
18671
18486
12740
23356
13790
74656
10908
10879
15861
14137
65206
21089
15350
13453
15985
14383
15947
11398
15597
50376
2752075
16726
11814
19267
20616
11602
19179
18288
13824
16803
17644
14739
11400
12215
14991
55258058
19367
18000
16091
12795
16051
30914
18111
16985
10424
25437
16378
60180
18557
16345
13039
45177
15740
15373
18696
14223
16009
1565839
11942
23981
29661
12273
12062
18720
11030
12709
12119
15474
1307984
13307
11300
58280
9914
16250
11371
53062
27124
29473
11780
12737
13393
11816
15169
15099
17559
19568
14269
24233
13242
10786
16949
13384
11358
11326
821497
13429
3048849
15768
875777
16620
14389
17839
2867496
26682
12821
24529
24845
13280
19239
25605
13908
25239
12308
24910
17540
21984
15592
15287
13686
15762
33188
46876
11394
11660
15785
96872
21390
24355
11927
19179
16704
19511
20247
14578
17480
12836
23238
10458
18874
17183
12666
15344
18691
13960
36961
25194
36546
37967
17667
13089
20985
242720
14740
13541
13581
15624
10586934
15289
11137
13943
16635
16412
12712
14468
11348
14097
10870
14907
13422
20553
21831
12524
10427
36627
24318
17040
49200125
11541
13429
21640
19494
15061
11420
3358402
13853
15528
19586
19848
11485
14001
15741
22187
29661
20185
10779
14736
3912866
12747
14584
30458
15873
12574
48638
23286
20015
22127
15090
25737
17055
20657
18364
15470
12295
17203
19768
14553
13905
20997
12487
17158
11426
17373
22129
21575
11931
18452
13164
13217
16602
21854
16203
951414
14492
22901
11236
25701
11564
30762
11394
11939
11948
274565
12535
11377
11134
16442
22001
11038
15178
16085
15086
14001
10541
16357
15705
15517
13623
18008
12462
16295
11853
25159
16588
20087
19907
23032
15019
13990
10208
12968
16917
28307
39348
18472
788827
11117
13739
16976
13652
15901
15955
12439
10851
14000
44571
28960
13141
15489
17907
15164
12721
3048849
26223
14381
19485
25796
16731
18435
30593
35406
13100
18940
12863
10502
12564
10503
11170
41162
19276
10991
19452
10426
22413
19998
22862
16710
27079
11054144
10705
37925
14467
12744
12446
15756
15286
19924
19017
15016
20519
11002
19302
184687
21129
18837
15976
11896
21098
21541
13047
15094
14607
10266
13507
12854
17275
11246
63084
16655
18429
46690
32090
17491
10675
32985
19655
11779
11061
18240
28526
15329
18761
19191
17425
23919
21640
14349
12328
12271
11402
17876
10781
24555
13378
24321
49925
14852
19092
18862
10908
186651
13667
15422
12075
10651
10955
24809
101819
11334
39598
24815
15639
11220
20644
31827
16454
96152
14444
18943
12155
1695084
17269
12290
72926
13302
10632
19304
23116
23123
17989
23511
18095
20763
18697
30053
27260
24344
31127
16473
12247
225191
13085
18419
19304
19437
17591
17368
10703
13811
1350866
248587
18824
14221
10995
23104
11908
12321
11929
10509
17630
11581
19612
13232
11996
14640
24660
36096
22750
226703
10576
19557
3048849
14589
17368
21626
17793
16069
2151186
26682
34211
14173
36770
22240
15868
3623625
18651
13335
23506
13018
12141
12805
18825
15350
20845
41942
12449
26711
19748
5110505
15314
10882
11430
14954
18440
18301
26217
17458
22857
15506
12714
9783549
13777
26342
14683
16721
13732
19776
10911
30568
24733
27994
18389
25701
11727
17110
19995
12335
31985251
17888
12877
20748
11980
14882
17057
17530
20645
24626
11678
16199
14858
11583
24372
20927
16238
83421
32762
10970
23775
11675
15204
16717
13808
10751
19009
14130
20149
19367
11804
15720
19243
14565
19018
13322
11859
14589
31985251
23775
42209
22773
12435
11235
18824
13218
11376
136055
11817
11184
222257
16069
11895
12737
15546
23834
18381
18352
32526
17248
13905
54748
13338
10824
14717
45469
2891740
14127
15197
13913
13739
21308
31426
23593
10991
19774
24372
12581
20717
15651
21247
16443
18096
15161
35849
16431
21370
65206
15102
15033
11307
15371
11506
17368
325384
11465
20502
10786
18051
11895
26095
14481
13693
16384
10875
12539
19092
11539
16803
14038
11371
16505
12784
11576
20777
11923
11548
14045
27425
72273
28835
10894
12940
12715
26467
16500
19995
11236
16712
10800
12416
17479
19574
10888
25895
4049772
11578
19222
13744
32003
52555510
11134
14067
11613
11388
12244
22457
9758
14381
15093
43714
16553
26572
118407
63238
12822
10918
13582
14918
13018
10240
17257
11282
30554
20367
16059
32363
17225
14429
19368
15639
14437
21767
12734
20137
15654
32029
12403
13349
23645
10170
22187
10886
28045
14183
10891
16734
17759
15103
19374
120878
12979
17986
31270
10473
23820
26637
9758
25143
26032
16828
77749
11015
18973
17634
16846
23249
17012
13936
10221
5331786
11799
19830
25985
29639
13740
17084
10280
18840
23628
11342
14313
30644
17291
13240
11456
11529
18459
10356
10870
13349
64185
17726
12135
21319
13115
11383
16649
11342
17075
28965
17689
195600
17474
12723
26863
39770
22355
12131
18247
11694
28414
15696
36313
14918
18501
15585
12328
16753
16027
65206
16773
19088
20993
18025
11913
14116
12403
11623
27582
115160
10592
20848
17064
12265
19992
20444
11753
13707
14152
26711
16612
13631
7115855
15208
9804
11577
16692
11750
13234
14188
14167
11746
17999
14556
24309
16488
11123
28085
15819
16321
15821
14591
15425
12967
10203
12349
12618
19524
12055
16500
12979
11787
12283
13204
11452
19460
21611
14709
14183
12060
19620
12328
18565
19826
14204
19607
25701
12941
12015
18974
11060
25986
12217
21115
18550
11445
13175
10609
900925
10150
25585
67985
12677
14038
19874
33914
17544
11492
10902
15316
12250
16711
16835
11377
12685
222257
17589
18034
18691
16901
15929
10691
32091
30002
16047
12598
20539
24292
12300
14000
33294
43888
14088
17046
337716
1253991
9758
31733
11042
24880
14365
11239
11942
11588
10771
20719
226703
10433
18048
11559
39676
10660
11726
13150
11352
22608
14603
23738
10563
18443
11908
13663
14862
40232
10807
35188
44275
42897
16648
40362
17513
16856
15374
20017
12172
14729
248724
18290
18026
18852
14528
16205
18096
10474
12377
16205
12770
12748
26256
18930
17896
10966
12122
16553
122626
18671
24580
13121
10632
12546
12629
64067
33135
39306
16455
24492
16561
10844
15187
23031
23393
25366
12206
20786
10886
11146
23719
20998
15168
11961
9707
25101
14931
16342
30330
14869
11107
19302
19655
13666
17318
12762
20485
15425
10918
16745
14130
10359
14289
5646150
16446
18705
56090
14726
10889
11475
19514
12726
13025
15169
50015
16629
15324
46129
29220
19659
11072
10883
10980
17544
12825
13551
11960
14126
19452
24835
16121
18546
10859
16015
45030
14551
10749
22510
11137
26790
19555
29135
23193
19493
12876
15383
18274
18247
11135
11741
15826
80482
12273
18320
14571
28792
13242
24072
4256277
10555
51488
16726
65020
26241
33565
12590
12114
12795
23290
14889
16403
33702
27841
11840
27586
8970959
13347
26957
19776
27186
21525
11381
37071
16830
18355
10339
14363
16602
16657
23655
10875
16534
14231
11237
9891
21494
13105
16595
7712484
13194
29810
11520
25795
12649
10382
17270
12359
13543
10469
10918
11428
16000
18663
13993
19222
11401
15055
12965
14249
11634
13252
382132
34978
12231
22793
2211826
48297
120878
12229
14300
23919
14571
22168
28033
14727
21782
14969
14192
28354
18458
44649
14358
14375
14779
14315
22843
18206
12256
15996
17654
10277
10102
22843
16261
24575
18425
20039
12946
12767
15743
13496
14082
10634
12302
11055
14302
14441
11761
24072
21569
28367
26309
19624
13378
13943
19808
15657
14858
12002
231159
10091
21767
11042
189971
56830
12111
14047
10781
10535
10312
15625
10538
28038
14416
11875
14089
16309
17327
26790
10567
11237
16894
12359
24408
4116762
96616
12766
28414
16078
22721
14188
17250
15317
26949
9996
12744
11017
18501
15508
20685
50464
16868
337716
47117
40534
12751
10813
35067
15800
312255
16205
13242
29633
11695
12133
18323
11573
14053
16522
13714
31085
27438
41632
11453
39676
18305
16301
11146
14190
9304919
16358
21942
20272
5402508
17724
11126
10616
344249
32798
29133
12442
19543
13581
14192
13512
12061
11112
1285921
12595
21387
1678371
23431
11305
18452
17544
19517
64617
12253
20630
19295
11364
13404
19941
32978
14682
16201
9705119
9708
9300573
27875
10210
10353
16029
18815
12453
16927
24953
14893
13424
118407
14548
65917
15161
32153
18111
14392
53969
10786
24138
21746
12377
10689
13425
17765
15321
14116
10893
19806
10927
23068
22553
13835
186651
11857
10203
14084
15329
10878
17955
15613
15277
14741
13266
32821
13666
24910
11622
17274
13516
40232
18584
13253
25432
18924
14771
10205
10169
16593
13161
12485
25260
20031
26024
13121
27961
13702
11778
19212
13325
11092
16059
18067
12678
344249
16131
16056
13136
17904
18783
13549
13182
12809
11610
14103
2891740
55550
256659
11990
23721
23423
11031
25585
13182
11906
46134
11146
10454
14288
14916
14736
24125
14522
11668
13414
44168
248587
11455
12876
10922
19460
11560
15872555
12892
5608502
14093
10935
15169
11131
1319865
15983
10433
13999
17109
17789
18316
12463
20999
25029112
12313
335955
24170
42661
11361
19076
11326
18932
12157
20777
16767
12150
10761
38745
11790
88298
24735
2214108
31735
21626
16675
25817
11188
11937
56791
101068
15178
12280
21728
13153
14219
14361
11398
23698
18443
26024
28198
12601
14398
28085
15233
19076
16874
14499
11205
31343
27016
14319
17194
13272
14161
16121
21461
14954
11229
12069
20017
14353
24369
16022
12780
30096
32091
14607
21986
16521
11816
27039
12607
11171
14165
11364
18096
15954
11012
14318
11564
23491
13141
21173
36433
11961
29167
10986
11383
20376
19012
32201
41409
10732
19168
27909
12096
11472
55808
17048
17369
12947
12240
14676
15238
47748
23230
11810
11522
17014
26033
13895
16240
13044
17614
13822
19808
13012
10689
21831
30092
12398
12897
14804
10407
140500
20868
13252
11231
15357
16932
16228
11195
62152
2153360
11810
14907
484025
13596
22659
10725
38116
11853
12300
23641
19811
19279
22502
11964
17668
21984
16807
14178
39823861
14412
25725300
6887728
16276
10528
19210
821497
10836
20016
12099
15762
14181
12517
828393
15818
18821
19854
15430
15374
15347
19450
43248
19928
9871
14742
26432
10866
11627
34241
10427
13667
15528
22070
20558
729545
20427
12009
13914
31827
13756
47106
18854
15634
14930
13093
35096
17065
26063
12693
11216
15511
21494
17411
35537
1335150
14504
15687
16472
13768
23230
19494
4985187
226703
36727
4966994
15017
15418
13886
20870
12557
23431
11955
22098
12321
830380
11955
12156
11096
20870
23511
10091
13955
14358
13227
20152
18558
13145
26230
24434
12922
17426
19607
15310
11805
15095
16646
649317
17716
15997
50053
15917
14738
14951
13249
16000
16184
1621171
18492005
16808
14120
12734
13806
17364
13151
14675
11852
13126
13220
16259
14137
19707
13272
11616
17081
12015
66260
20376
10459
12760
19682
49160
16273
14465
13338
22244
12142
12015
18412
120878
13601
13873
21824
14803
12021
17116
15594
14020
22393
19856
20502
18008
9409
14513
120981
12524
10734
14499
13966
14683
11038
11848
2156832
11168
13275
14589
15272
19335
16040
18120
11691
12071
26767
27909
12873
19924
13620
16992
143538
15142
12015
17918
10555
17196
11131
11576
12856
10849
13242
16932
16672
15367
12772
13815
13115
14183
15631
12062
11994
10424
16412
13066
19449
19936
16844
16177
20075
2782000
23645
12811
15468
16550
168043
12844
27726
21145
14395
16225
15633
25566
16830
20519
22059
13418
12293
18655
14219525
24626
13623
44023
14603
11127
19092
15019
13661
10982
128531
11320
10801
15648
106321
12620
17158
13204
13923
24763
20595
11935
11033
12203
15113
24490
13450
11087
74340
11303
13791
66170
18931
12211
10320
14237
26282
16192
110678
10851
12750
14939
13260
17368
16542
45748
12589
14178
12677
11863
20130
35178
14548
13824
13234
13157
14774
13632
15278
20797
63554
14382
14774
24641
18524
19276
17614
11335
13025
10940
19524
11294
11787
14541
19682
40596
11759
24019
12626
13991
18295
12229
22692
11251
13345
15103
19569
14030
22070
9660
16403
18305
16428
16999
12998
14850
11420
15142
12977
22526
24534
11517
141261
28198
24729
13741
12533
17012
26063
14592
12477
13059
12819
14175
18544
32493
17628
12180
16896
16947
19695
16939
10875
13537
10625
27750
20087
17320
11326
12123
14067
23018
13906
14966
10593
11269
15654
42504
29775
17927
50365
10447
22028
11904
27157
27489
25168
10131
12061
19367
21752
13378
21626
16687
11989
11856
21394
14904
30862
18675
11555
11950
24730
19493
24216
16126
16229
28965
15491
15631
16496
14550
12650
16662
17371
22797
14158
11342
19243
3623625
101068
11725
18194
11811
15982
886254
36623
19417
12604
10535
11340
40006
14482
13657
17226
11814
13116
29135
14530
22360
18488
19088
24781
14468
10990
17022
18720
10141
12590
16598
31608
18667
10470
19930
15594
19647
12253
21752
18231
13428
27443
242035
19398
19041
17425
13651
501536
39342
29506
10971
28554
14938
18274
12997
14310
9523
16584
14816
10071
24455
12666
12124
24747
21349
22269
14504
19695
24597
13882
11748
16027
18457
23641
13307
15710
13205
19695
11799
13786
13130
11823
267630
10689
11231
15374
20948
18887
16103
34241
11498
12060
30902
11827
14829
32819
12653
19449
13767
21167
14852
14399
10489
17643
16246
101068
11303
15197
19543
21001
17368
14663
13796
16056
21357
17295
13656
16951
12494
15065
21297
10883
12230
17701
33879
22269
20185
14182
50304
26699
49935
23240
17929
14073
12772
19191
15543
15195
36855
17235
320844
15063
11369
3150357
16205
17296
12613
18444
15969
16772
12105
41263
198673
15489
17424
23593
15611
11808
16616
13263
12795
15517
34401
90599
14399
12496
15288
17685
28655
26678
21319
14872
15187
26063
16173
11670
25448
11913
17207
15095
17480
41140
16488
17514
28541
33256
13322
13597
28415
18897
18096
11143
17060
21842
12399
12069
14872
18195
34190
17110
10939
15379
14089
148113
20776
17371
13654
337716
10477
15231
16895
15709
13070
58162
18969
14127
11289
15052
13975
14067
14102
10423
16992
10882
14672
11289
19295
18517
12494
12706
9965
13244
15760
15474
16084
15278
27947
18931
128531
11400
32054
12113
13204
16724
11821
17063
11529
16155
10437
14569
27841
11621
13694
16121
20800
16534
11821
14914
16265
18319
18008
14116
11858
12739
118456
13744
57810
52404
12900
14332
15935
11063
10980
11411
15267
7767333
11246
23590
12849
85324
15594
20303
14043
12060
13738
13163
14138
20238
26836
15800
11342
20640
12060
10774
13333
22189
20905
451058
13164
31498
12715337
24575
16649
13000
14145
12446
11955
17707
14049
36926
11054
30901
10895
14792
11618
4821444
18537
11284
18716
11887
14030
15088
19100
19341
20006
21494
10132
12414
12589
14310
12339
14203
15122
15062
22146
11505
14515
13710
14795
10477
14826
15718
21122
25187
12992
13035
12992
24193
16152
18066
15745
25659
23547
12220
10632
11459
19473
14781
37967
14065
12290
14065
11961
13589
12795
15280
13354
13516
14022
43839
17923
25544
8127250
43677
10940
10250
40837
11459
36894367
14286
10436
13105
30395
17185
15374
19923
11072
165661
18813
42721
10708
13429
34869
11305
11375
12795
13843
27425
33550
16784
21413
13194
13199
10480
16230
12271
14492
10353
13822
18015
13137
13359
37364
12672
32201
13495
17058
11687
20483
34008
51696
14439
17603
12784
13150
19384
11363
35646
19454
17339
27909
19737
10959
19924
15943
31608
15696
21164
18690
15732
17707
14557
65342
19660
18206
11929
16072680
14086
11376
12221
13960
14183
37711
97104
20691
11235
11030
26203
16629
11083
28617
19565
17900
11727
14005
12583
10813
29492
18043
87605
11937
28731
15683
21222
19985
14817
15861
11936
12968
122626
13519
30640
53088
12757
11987
16137
22460
18419
18092
16084
11787
29220
9707
16321
18151
66235
11603
13494
13744
11398
235521
13238
10391
12317
15655
13487
11331
20800
17076
16196
20431
13418
14063
13274
38680
28027
11892
19776
25895
12099
16687
17472
12980
10228
14465
16187
26560
388856
17868
10959
18519
3330374
18924
20304
13323
14102
36320
10813
13509
11130
10906
11334
11156
13744
11753
14147
14000
27286
14031
18895
17644
16207
22455
11570
19057
11055
17287
24670
24193
14335
12370
24126
16407
27908030
17710
24717
18565
15420
11499
34869
29024
4817581
18534
27059
21251
24660
17973
26790
16045
11641
19863
12740
16340
152633
10860
17063
13945
19238
12564
101819
2434276
26642
14172
23939
15453
26342
19395
17706
15706
22460
12564
11896
16250
16965
10475
15784
12305
28521
19765
19472
16912
14507
15969
13115
23459
56835
24497
21999
14362
10976
19860
15374
18060
12523
12920
16508
24775
11944
18338
3614502
22183
21744837
10781
5788
