41119739
45469
22792
18866
17226
16579
14951
13963
12988
11214
10559
10849
15276
31603996
45214
21995
19776
17741
16462
14529
14372
12892
11042
11501
10407
15978
18299253
44496
23134
19003
17687
16228
14779
13039
11817
10848
10815
10982
20271
18074712
43714
23452
18112
17910
16411
15192
13359
11943
11340
10211
10529
15750822
42106
22608
18449
17656
15850
14877
13681
12060
11030
10385
11024
15031751
40096
21202
18707
17762
16343
14903
12970
12510
10911
10643
10946
1652073
39306
21640
19103
17252
15601
14783
12879
11601
11763
11709
11039
775362
33145
20640
17900
16097
16083
14496
12574
11432
10958
10824
10827
556628
31733
20950
18725
17086
16552
13946
12802
12650
10645
11371
10875
484025
29167
20066
18874
17232
16675
14709
13151
11454
11398
11596
10376
286259
28822
21329
17969
17530
15241
14504
13232
11778
10660
11055
10751
152082
28033
20802
18543
17218
16264
14310
13315
12021
11180
10639
10482
132953
27921
20447
18283
17295
16121
13895
12750
11815
10785
10948
10692
115160
18804
20284
17832
16489
16403
14461
12435
11845
11250
11004
10778
85855
27603
20084
18469
16443
15943
13907
12408
11735
11547
10633
10936
84294
27187
20222
18668
15763
15352
13796
12950
11966
10412
10137
10604
73284
26642
19507
18245
16241
15168
13654
13070
11117
10889
11146
9819
70321
26764
20314
18190
17124
15594
14450
12464
11145
11032
10807
10609
67936
25194
18974
18045
16056
15093
14127
12478
11863
11268
11125
9623
65020
24706
19821
17706
17109
15432
13626
12516
11806
10956
10983
16550
61058
24248
20302
17851
15917
15722
14082
12581
11323
11502
11010
16321
57810
24914
19586
17635
17050
14714
13727
12757
11544
10379
11143
18442
49081
23354
19013
17109
16594
14692
13589
13222
12319
10615
10193
20702
52555510
45748
22892
19480
17219
15658
15218
12799
12244
11170
11402
10633
13673
23687231
828393
66307
24138
19940
18524
18054
15653
14939
15013
13843
12908
11872
10971
10261
15297250
814168
63787
22476
20284
18319
17685
15832
15026
14792
13190
12206
11363
10928
9739
15129630
765464
48701
22469
19325
17964
16673
15932
15319
14031
12931
12342
11290
11271
10952
8764896
729545
42787
23087
19822
18558
17344
16221
15976
14164
13631
11670
11235
10919
10898
5608502
505499
41584
22925
19088
17975
17055
15654
16111
14450
12828
12695
10539
10474
10085
5488106
379002
42242
22526
19435
18008
17554
16436
15546
13786
13019
12393
11727
11256
16549
5402508
388856
40363
21172
19927
18550
17295
15373
15177
14312
12797
12048
11096
10736
24193
5331786
337716
31039
22808
20264
18652
17453
16973
15624
14116
13426
12862
11725
11196
17679
4821444
335955
29692
20941
19341
18344
16494
16085
14774
14301
12952
11883
11799
11264
18558
4706966
308923
29380
21957
19900
18178
17513
16475
15982
13810
12576
11623
11377
11384
4010249
297892
28526
21613
19493
17685
16363
15364
15062
14553
14362
11749
11199
10170
2891740
248724
27165
21979
19134
17542
17060
16325
15115
14880
12947
12163
11358
11296
2434276
229854
26609
20591
18635
17185
16442
15677
14808
14764
12928
12225
12178
10312
1897948
224741
27047
22001
19315
18687
17063
15280
15323
14076
13424
12747
11848
10565
1663998
148113
26647
20951
18671
18274
17193
15143
14846
13718
12693
12036
11750
10459
1376459
147815
25868
21529
19212
17693
16944
15500
14424
13528
12808
11748
12002
10203
1353323
144169
26033
21012
18140
18440
16278
15945
14783
14630
12131
11447
11398
10576
1346131
140123
25426
21367
18733
18324
16359
15625
15715
14400
12654
12017
11416
10834
1319865
114071
24260
19875
18584
17765
17055
15420
14335
14539
12446
11935
10886
11192
1285161
87605
25171
20931
18786
18191
16472
16201
14461
14247
18331
11631
11179
10521
1251800
87075
22987
20105
18887
17012
15859
14517
13890
13185
12809
11875
10972
10720
1224348
84658
23904
20142
18587
17279
16063
16066
14625
14311
12089
11618
11246
10734
951414
76237
23719
19541
18226
17028
15690
15567
14808
13348
12865
11275
11092
10531
26090983
890145
72273
23020
19794
18841
17258
16250
15206
14367
13178
12352
11972
11244
10692
26051372
30226
21271
18488
15617
13711
13100
12810
11381
20157072
30186
21289
17841
16222
14300
12583
12458
10463
15644610
29543
20381
17502
16009
14124
13536
12136
11203
8160543
28655
20889
17608
16061
14604
12822
12412
10637
6072475
28454
20308
18155
16512
14406
13051
11327
10218
3656715
27586
20251
17041
15264
14228
11741
12135
10218
1630549
27186
19777
16701
15034
14145
12849
12394
11156
1483416
27857
20502
16927
15102
13521
12396
11988
10488
1081889
27009
19844
17849
15019
13891
12503
11592
10632
853530
26310
19443
17309
15280
13553
12227
10859
586091
26253
19899
17479
15535
13972
19998
12045
10991
374795
25149
19493
17274
14807
13558
12620
11147
10947
189921
23903
19864
16803
15251
13873
11723
12024
10765
90846
24388
18989
17797
15209
13632
12400
12060
9628
57836
23893
20185
17757
15335
14030
12707
12149
17923
47278
23767
18691
17575
14985
13329
12737
10973
19836
37583
23394
18828
16619
14229
13767
12435
10907
15678
37581
22016
18052
16121
14481
13746
12722
10829
14389
36961
23429
18696
17060
14995
12375
11827
11670
36986
23056
18038
17609
14726
13016
12527
11235
33069
22461
18560
16970
14795
13806
12571
10666
33252
22080
17986
16375
14926
14288
12749
11309
32821
21454
18690
16682
13790
12461
12593
11702
44497229
32669
20858
17544
16000
14968
12879
12484
10666
4160446
66829
36546
27608
24730
23416
21031
20118
19100
17272
17061
15596
15433
14958
15127
13205
13469
13520
11790
11823
10983
10807
10578
21548
3878197
61872
34718
28639
25574
23230
21624
19059
19307
17733
16721
15422
14922
15585
14268
12785
13875
12168
11688
12449
10927
11390
10037
14893
647809
54748
33591
28415
24918
22843
20406
19806
19086
17565
16901
15624
15279
14644
14266
13489
13202
13693
11687
12290
10624
10761
10768
13139
515114
53544
33914
28068
24369
22851
21525
18824
17931
17397
17262
16044
14936
14676
14399
14097
12873
12557
12824
11933
11975
10922
11137
28881
326806
52719
33775
27875
24887
21906
21094
19352
18324
17166
16149
16701
15775
15683
14116
13447
13349
13141
12158
12116
11787
11419
10883
14082
322973
52888
32697
27600
24819
22454
21370
18751
18858
17866
16738
15520
14766
14308
13548
13798
12760
12961
12598
10781
11325
11569
11042
17295
215405
51361
32736
27766
24809
21827
20130
19772
18415
17143
16635
15154
15120
14725
14897
12933
12846
12310
11994
11411
11769
11899
10854
19723
202025
48047
33256
27462
24815
23238
21247
19256
18565
17853
16815
15310
15767
14548
13546
13629
13312
12343
12618
11223
10579
11178
10437
18541
162858
48294
32090
27491
24529
22793
20459
19588
17919
17163
16766
16291
15201
14155
14677
13037
12588
12162
11369
12259
10788
11543
10741
14426
155196
45390
32198
27308
24041
22460
20777
19595
17801
17066
17064
16122
15374
14659
13843
13061
13242
12334
11706
11886
11487
11527
11002
18454
143538
44158
31755
27872
23981
21968
20075
18452
17935
17369
17397
16329
15164
14288
14383
13541
13297
13622
12010
11413
11691
11185
9774
14955
143670
43331
31308
27162
23208
22925
19941
19485
17654
17432
17060
15384
15061
14499
13923
12971
13164
13067
12528
11845
11995
10940
10382
18195
112387
43432
31564
27360
24072
22053
19985
19024
18341
17512
16128
14726
15116
14619
14042
12885
11896
12907
12749
11703
10995
11046
10875
16452
110824
43391
31689
27389
20181
21643
20142
18828
18153
17707
16595
15985
14729
13802
13710
13861
12749
11971
11684
11583
10945
10971
9871
15509
105597
43654
31321
26785
23618
22645
20926
19367
17896
17037
16336
15206
14600
14180
13596
13157
12724
12013
12244
11303
11637
11767
10831
14310
96058
40115
31270
27044
23096
22090
20206
19119
18105
17022
16035
15832
15470
14312
14291
13077
12969
12698
12328
11482
11518
10855
10566
15214
85461
38988
30099
26232
23323
21476
20207
18737
17939
17738
15537
15914
14932
14880
14164
12766
13050
12136
11675
11974
10883
11246
10214
85823
38565
30102
25769
23547
21213
19695
18830
17921
17668
16500
15858
15108
13943
14374
12892
13703
12391
12227
11663
11017
11274
10646
84933
38507
32546
26309
23726
21831
20264
18430
18092
16995
16620
15108
14753
14078
14155
13546
13334
11930
11856
11420
12231
10603
10926
83421
37839
29135
26330
22707
21407
19716
19003
18142
17569
16209
16068
14709
13721
13367
13655
13401
11813
11810
11634
10537
11335
9595
81024
38135
28567
26194
23339
21640
19350
19006
18157
16182
16250
14789
15550
13988
13312
13982
13307
12806
11965
11678
11581
10725
16812
75949
38337
29024
26201
22526
21168
19962
18406
17975
16337
16408
15315
14661
15019
13549
13003
12628
12782
11232
11394
10738
10280
16121
74096
37106
28609
25448
23156
21204
19233
18330
17670
17264
16672
15164
15130
13860
13512
13032
12799
12285
11415
11041
11581
11366
16258
77432055
66235
36245
28307
25269
23431
21847
18737
18294
17901
17094
16382
15416
15171
14431
13916
14134
12911
12531
11942
10999
10568
10563
17822
12007440
344249
36855
26262
20469
18886
17047
16105
14671
14291
13126
12982
12312
11892
10488
10963109
341109
37364
25663
20461
18000
16750
15665
15033
14269
14361
12774
11515
11126
18996
5418292
286404
36926
26057
20763
18645
17235
15762
15217
14810
13260
12841
12472
10812
19855
3623625
272451
36513
26246
20485
18704
16446
15204
15823
14041
13686
12498
12271
11610
15161
3073753
267630
36001
26063
20454
18489
16972
15483
14875
14631
13496
12954
12685
10593
24154
2975218
174548
34538
26163
19768
18290
17012
15617
14469
14345
13219
12613
11840
10767
17912
2598705
168895
33899
24580
19542
18364
16769
16268
10375
14697
14096
12208
12059
11555
18260
2275293
166560
33809
25327
19916
18915
17201
16209
15047
13991
14088
12657
12458
10864
20931
2153360
159966
32762
24639
19768
17848
16760
15317
15430
14285
13860
12638
12230
11118
25977
2009511
87481
31685
24446
19032
17740
16572
15977
14818
14444
13384
12233
12398
10913
20152
1678371
75178
31827
23721
20251
17548
16907
15587
14551
14241
13273
12880
12002
10472
23161
1459666
74807
31823
24337
19494
18763
16674
15537
15097
14204
14199
12227
12604
10657
14739
1421349
73515
32749
23007
19877
17635
16807
15684
15014
13532
13173
12386
11996
11002
1307984
72157
30787
23886
19971
18355
16582
15217
14528
14365
13873
12370
11681
10477
1148095
66096
30176
23120
20097
17543
14386
15514
14926
13664
13415
12188
12143
10102
791625
20999
28521
23031
19018
16987
16020
15289
14363
14278
13218
11906
12021
10221
788827
53299
28994
22399
18756
18062
16357
14892
15075
12961
13863
12449
11408
10978
665598
51885
28642
22703
18501
17630
16534
14766
14314
14257
12794
12180
12071
11125
501536
49886
28525
22008
19243
17048
16821
15244
14224
13664
13208
12721
11489
10517
448351
43609
27270
21752
19079
17207
15969
15800
14352
13593
13234
12051
11588
10927
437845
42699
27909
21507
18702
17724
16569
15212
14356
13596
12811
12361
11860
10471
118407
41505
26637
21892
18969
17457
16059
15334
14134
13726
12895
12176
11475
9932
405148
41407
26608
21611
19417
17021
16288
15177
14322
14243
12595
13050
12170
10829
15105452
388103
40397
27150
21387
18726
16714
15941
14640
15413
13254
12882
12537
11383
10108
25029112
43499
30708
23180
20783
19803
18087
17637
16915
16218
15090
15706
13863
13429
13125
13516
13133
12024
13007
11897
11987
11506
11324
10202
26884
20030693
42338
29647
22730
20721
18338
17697
17767
15540
15412
15634
14360
14112
14603
14047
13376
13292
12665
11113
11554
10966
11374
11083
11169
15709
17997255
39348
30002
23601
20510
18258
18386
16416
16511
16038
15390
14363
14226
14289
13697
13320
12739
13554
11218
12376
12202
10557
10454
10573
15201
15872555
41954
30002
22909
20810
19714
17520
18057
16295
15633
14898
14249
14044
14370
13495
13044
12829
12396
12747
12053
10862
11053
11429
10472
14925
13237821
39837
28233
22085
20152
19219
17876
16429
16045
16134
16235
13726
14437
14424
13597
13244
12257
12877
11613
11982
11707
10787
10271
9847
23512
4329100
40232
28835
23137
19953
19607
18516
16872
15819
15963
15648
14791
13828
13841
13374
13194
13418
12390
11728
11814
11105
10458
10470
10546
15443
3673120
39947
28428
22393
20129
19245
18440
16526
16671
16161
14781
14048
14395
14413
14152
13533
12821
12328
11852
11043
11555
11401
10913
10958
17292
1365866
39509
28492
22393
20054
18865
17827
16084
16926
15718
15785
14942
13335
13630
13292
13015
13179
12992
12415
12453
11656
11179
10291
10779
13963
1115944
37103
28077
22717
20254
18897
17365
16593
16125
15783
14591
14709
13541
13529
13728
13276
12695
12233
13194
12169
11431
11807
10797
10408
17151
795596
37058
27059
22764
19798
18040
17234
16567
15786
14836
15387
15045
14070
13866
14137
12871
13263
12780
12060
11938
11690
10880
10736
10787
12710
539982
35173
27602
21810
20367
19001
18111
17495
15678
15189
15197
14183
13601
13418
14022
12114
12588
12327
11403
12078
10801
10683
10580
10082
13185
231159
34000
26572
19862
19655
18331
16703
17328
16465
15929
14962
14409
13888
13323
14049
13788
12200
12925
12142
12214
12282
10632
11317
10198
13864
225191
33385
27583
22168
19999
18909
17339
16726
15476
14881
15089
14050
15018
13893
14067
13005
12946
12285
11858
11808
11378
11135
10350
10860
13922
180433
33418
26999
21132
19768
18697
17643
17331
16384
14833
14495
14509
15059
13835
13655
12486
12893
12590
11799
11734
10895
10502
10741
10968
19636
124805
30322
26899
21637
19304
18821
17734
16894
16040
15207
14899
15042
13719
13544
13435
13234
12863
12183
11801
11081
11016
10976
11104
11072
14299
99546
33663
26983
21394
19566
18185
17894
17011
15831
15442
14439
14001
13474
13714
13911
13253
12305
13000
12443
11138
11735
11001
10209
9807
14655
88298
33849
26790
21324
19859
18656
17765
16704
15980
15284
15019
14393
14515
13828
14298
12854
12177
12346
12174
11535
10780
10902
10719
10186
15179
66945
32190
26432
20719
19029
17701
18201
16853
16019
14909
14271
14020
14821
12328
13762
12608
13016
11696
12574
11516
10976
10616
10219
10266
19210
60180
31124
26263
21034
19951
18705
17411
16434
15743
14922
14774
14120
14063
14215
12973
12734
12558
11973
11560
11431
12113
10917
10573
10268
19384
49188
30732
25159
20820
18877
18097
17159
15675
15986
14940
14231
12805
14966
13117
13636
12382
12546
12096
11659
11493
11144
10980
10758
10632
15868
45983
30969
24597
21018
19222
17503
17773
17088
15714
15186
15031
14904
14218
13247
13381
9738
12524
11615
11695
11745
11955
11049
10959
9890
12238
46332
30951
23383
21059
19764
18060
16772
16951
15492
15169
14914
13834
13571
14317
13497
13000
12084
12273
11989
10800
11126
10596
10067
9911
43888
30566
24216
21210
18909
17580
17705
16078
16073
15092
15384
14005
14466
13993
13269
13144
12629
11896
11939
12098
10883
11127
10918
10669
26643149
43673
30454
23825
20721
18783
18218
17114
16912
16056
15059
14265
14120
13815
14309
12669
12457
12389
13027
11816
11955
11404
10269
11124
14517
31985251
27997
20016
17272
14609
13375
12328
26267242
26884
19609
16678
15516
13192
11427
13807783
28045
19074
16659
14464
13198
12352
11054144
26699
19086
16046
14785
14299
11334
10574588
26192
19472
16664
14242
13238
11541
10200788
25458
19702
16555
14589
13165
11039
8743868
25641
18611
16268
14089
12806
11493
4676931
24012
18315
16407
14158
13044
12228
3332131
23891
18582
15960
13924
12564
11457
3241481
24763
18931
16121
13525
12607
10719
1788006
24531
18655
15948
14505
12670
10539
382132
23704
19149
16857
14889
12740
11601
381364
23960
18474
16706
14472
13066
10778
290362
23427
18527
16368
14890
12343
10563
236483
22712
18265
16291
15169
11694
11216
198673
23313
18137
16274
14454
12876
10882
121468
23536
18329
16064
13690
12119
10240
110453
22077
18293
15748
13947
9946
22857
69894
22470
18639
15517
14085
12008
15768
66260
21199
17503
15639
14278
11934
22692
55267
21316
17014
15232
14234
12337
13882
47106
21781
17232
14592
13468
11965
17437
40417
20539
17355
14838
14267
12325
13285
40457050
30862
19618
17362
15654
14330
12245
27645141
92485
42661
32201
27911
25101
24292
22482
21683
21065
19598
19568
18642
18930
18627
17327
16947
16684
16818
15876
16561
15888
15052
14793
14984
14550
14500
14393
14201
13015
13105
12625
12642
11816
11651
10302
11608
10959
18047
19269088
91003
42936
33135
28128
25235
23040
23217
21474
20032
19687
19607
18854
19034
18852
18018
17337
16867
16996
16367
16448
14826
15023
15104
15063
14238
13827
13980
13338
13509
11931
12999
12223
11621
11051
11778
10649
10514
18288
6880045
83044
42124
32227
27886
25304
23641
22059
21098
19992
20029
19487
19351
18427
17846
17778
17467
16387
16073
16616
16435
16488
15370
14939
15208
14454
14078
14170
13455
13369
13036
12231
12289
12744
11176
10647
10799
9708
14579
5805139
79428
41445
32139
27685
25020
22881
22683
21068
20862
19304
19865
19595
19048
17601
17995
17137
17286
16150
16495
16403
15410
15107
14740
14877
15240
13977
14185
13422
13436
12977
12017
11739
11250
11893
10968
10461
10914
15313
5665779
76751
40551
31902
27517
25259
23988
22832
22080
20109
19797
19017
18533
19205
17988
17149
16782
17461
16747
16073
16543
15797
15651
15304
14487
14114
14210
13832
13178
13322
13249
12150
12601
11464
11451
11625
11041
9660
17340
4917502
75700
40744
30914
27710
24697
23266
22835
21706
24024
20031
19113
19011
18044
17570
17196
16894
16555
16591
16688
16670
16205
14998
15117
14795
14284
14072
13709
13917
13076
13614
12250
12902
11188
11059
10963
11171
10188
15149
4157388
71118
39993
30399
27286
25198
23114
21984
22009
20159
19224
19128
18335
18431
17955
17171
17990
17318
16406
16223
16385
15495
15184
14833
15551
14760
13877
13266
13089
13495
12446
12402
12375
11726
11659
11045
10215
25366
17339
4116762
69747
38220
30866
27241
24747
24021
22805
21979
19449
19493
19222
18425
18495
18026
17280
16868
16840
16564
16108
15752
15160
15377
15367
14305
14257
14466
13335
13686
13701
13272
12843
11962
11711
11100
11268
10555
14435
14918
3614502
63704
37561
30533
26493
25453
23431
22189
21309
20811
19056
19612
18291
18000
17581
17634
16819
16457
15992
15749
15873
16250
15073
15442
13707
15029
14170
14079
12980
12785
12915
11900
11777
11377
10923
10475
10208
21575
2674565
63084
36766
31085
26403
24651
23744
22072
20956
19929
20087
19465
18403
19087
17883
17141
16082
16712
16131
16662
15749
16303
15133
15176
14107
14200
14665
13742
13714
12565
12868
12099
12289
12124
11753
11673
11111
24268
2405211
60897
35884
30330
26555
24273
23116
22766
21824
21200
20127
18873
19499
19122
17538
17572
17898
17457
16309
16072
15655
16078
14764
14577
14543
13700
14087
14299
13609
13484
12589
12664
11561
11858
11694
11189
11181
23892
1641240
58513
36627
29220
26925
25151
22877
22455
20828
20513
19192
19426
18279
18100
18004
17879
17130
16772
16020
16618
15339
15208
14826
15039
14816
14205
13960
13279
13385
12917
12519
12439
12157
12156
11236
11481
11232
18897
976951
53987
35306
29918
26910
25147
23756
21760
21134
20247
19524
19206
19035
18588
17641
17057
17140
16820
16401
16220
19321
15604
14962
15350
15015
14333
14955
13895
12859
13615
12538
11884
12595
11833
11352
10898
10148
15292
392450
53850
33835
29553
26996
24456
23184
22103
21083
20017
19839
18979
18995
18825
17499
17315
17255
16920
16187
16357
15787
14768
15756
15728
14754
15090
13497
14230
12943
13386
13091
12310
11812
11311
10689
11646
10786
16482
319975
53088
34077
29693
25874
24206
23014
22723
21144
20530
19115
19279
17931
18663
18096
17408
17115
16724
16561
16400
15656
15456
15451
14873
14584
13808
14041
13694
13204
12940
12305
12416
11772
11978
10879
10726
10860
16401
272874
52627
35053
28986
26214
24954
22502
22034
21145
20006
20015
19771
18367
18274
17703
17589
16969
16539
16022
15880
15965
15823
15910
14315
14487
14938
13620
13777
13243
13591
13473
11878
11778
11988
11507
10982
10632
21795
235045
49655
33702
29464
26654
24502
23207
22168
21167
19292
19409
19638
18305
18618
18136
17560
17018
16297
16300
16593
15267
15112
15773
15609
15562
14226
14076
14398
12832
13242
12412
12055
12561
12153
11875
10754
10205
13725
192839
50140
34194
28413
26750
24523
23552
22247
20308
19625
19574
18734
18511
18574
17422
17069
16776
16655
16679
16836
15703
15102
14644
15547
15218
14874
14620
13025
13411
12921
11984
12146
11456
11931
12011
11211
9943
16404
151843
46849
33926
28198
25864
24503
23749
21298
21283
19402
18868
19660
18810
18453
17518
16784
17040
16828
15624
16001
15807
16073
14459
15286
14200
14539
13980
13116
13945
13396
13077
12855
12365
11376
11296
11356
10420
19758
136055
46727
33394
28766
26032
24775
22721
21051
20053
20087
19808
18864
17953
18569
18432
17669
16806
16649
16522
15528
16153
15175
15077
14567
14774
13966
13747
13142
13669
12748
12730
12976
11693
11485
11398
10541
10640
22750
128531
46690
33744
28523
25205
23988
22902
21842
20993
19874
19049
19543
18171
18475
17732
17515
17608
16203
15950
16835
15347
15613
15418
14786
14818
14130
13720
13786
12977
12652
12523
12308
11726
11760
11082
10931
10226
18924
107721
45381
32153
28159
25612
24717
22996
21655
20636
19973
19664
18718
18274
17927
18087
17250
17500
17050
15852
16014
16006
16045
14975
15087
15289
13846
14653
14138
13335
12649
12160
12487
11064
11463
11543
10781
11114
27101
117074
45672
32216
28454
25022
23867
23039
21647
20691
19063
19530
19254
19065
18214
17745
17036
17186
16650
15995
16303
15317
15530
15867
14800
14286
14628
14202
13738
12736
12948
12603
12284
11439
10989
10980
10961
10228
16225
37946628
108714
45203
32338
28397
24917
23422
23448
21821
21029
19473
19511
19057
18563
18498
18508
17685
16412
16565
15966
16140
15898
15288
15278
15065
14553
15131
14538
13906
13239
13047
13353
12707
12220
11364
11430
11368
11058
23759
55393344
19956
16274
14130
11094
10277
4207028
19344
15779
14780
11598
10210
3928192
19173
15794
14534
12359
19404
3912866
19725
15539
14534
11697
28600
2151186
18887
16204
13980
12035
12169
299450
19186
16237
14078
12287
140506
18530
15023
14413
11731
42504
18240
15213
12715
11847
31651
18065
15578
13845
10928
30859
18246
15139
13895
11336
18902
17283
15161
13914
10837
27481
11391
14931
13077
11038
25529
16821
15767
13756
11150
25068
17665
15349
12857
10844
24626
16602
15193
12669
11304
23423
16949
14571
12865
10856
22607
16789
14607
13262
11295
21264
16692
15055
11991
10718
21173
16771
14789
12775
10625
21721
16288
15007
12780
10523
21722
15858
14961
12043
11334
21569
16569
13990
12336
11235
20541
16824
14335
12290
11134
71000073
19647
16705
14705
12486
10352
17657446
675744
68885
36053
26560
24070
21069
20120
18929
18739
17724
16988
17093
15749
16236
15588
14598
14218
14182
13378
12735
13182
11944
11679
12130
11749
11251
10865
10770
11046
19660
16606923
623346
69098
35306
26414
23178
21202
19517
18345
17740
18179
17286
15771
16213
15201
14984
15244
14155
14389
13258
13302
13163
12811
11739
11342
11823
11305
11243
10995
10475
15198
16072680
574609
64185
34423
26538
23250
19607
20113
18998
18194
17689
17435
16240
15865
15659
15598
14465
13738
13115
13218
12911
13064
12119
11746
11856
11029
11197
11316
10621
10727
22766
14940820
382801
64967
34241
26244
23068
20565
19541
18761
18911
17880
17274
16254
15740
15632
14571
14578
15104
13378
12744
12965
12498
12423
12612
11964
11278
11638
10552
11295
10423
17812
13631275
366693
61508
32659
26282
22417
20912
19754
18125
18815
13459
17730
16803
15965
15281
14742
14159
13718
14176
13445
12517
12666
13304
11437
12215
11660
10851
11103
10775
10575
13607
13420478
348607
55808
32003
25438
23110
20975
19562
18307
18160
17559
17905
16383
15594
15199
14399
14168
14045
13849
13137
12770
13155
11992
11762
11388
10986
10824
11213
10797
10734
25544
10163649
343841
54148
32563
24891
22862
21748
19860
19189
19168
17317
16908
16891
15752
15848
15528
14829
14471
14513
13498
12649
12462
12513
11599
11772
11819
10869
11032
10678
10132
19996
10009586
256659
42107
32162
24979
22881
21541
19748
18547
18546
18144
16303
15917
15517
15221
15210
14543
13526
13623
13738
12684
12754
12350
11907
11980
11811
11116
11411
10436
10514
27478
9300573
253976
50465
32414
24853
23048
21370
19236
19139
17818
18151
16778
16385
15657
16286
15349
14930
14150
14358
13679
12963
12826
12171
12265
11228
11033
11278
11032
10806
11031
13601
8127250
242035
49044
31233
25015
22457
20510
19233
18581
17627
17796
17042
16150
15731
15666
15496
14219
14488
13667
12721
12455
12713
11949
11681
12008
10813
11178
10477
11521
10915
30075
7712484
226703
48177
30927
25075
23020
20717
19449
19378
18584
16935
17640
15911
16376
15763
15448
14038
13946
13179
13346
12566
12748
12359
11603
11251
11492
11168
10868
10879
10305
18305
7431063
222781
45769
30206
25605
22642
21267
18822
18517
17982
17133
16442
16356
15316
15560
15138
14664
13946
14223
13277
12303
12836
11651
12219
11427
11420
11094
10955
10274
10099
16269
7130133
207451
44571
29579
25131
22591
20048
19188
18194
18651
17949
17058
15605
16163
15241
15343
14739
14169
13279
12871
12289
13106
13018
12465
11203
11195
11644
10580
10508
10236
92303
5251480
199793
43782
29658
24866
22656
20439
18720
18199
18443
17480
16943
16184
16070
15710
14628
14507
13923
13769
13361
12772
12844
12172
11528
11252
11919
11195
11157
10836
11003
15471
4639716
182290
41409
29545
20528
21396
20174
19707
18505
17713
17322
16240
16317
15467
15281
14768
14535
13668
13627
12892
12721
12107
12979
12438
11138
11197
11026
10868
10426
10238
12009
4587665
142897
39676
34093
24835
22391
20087
19088
18753
17598
17794
16500
16724
15758
15287
15454
14431
14668
13327
13449
12596
13040
12793
11702
11256
11765
11804
11014
11062
10776
14882
4565163
125424
39770
28813
24735
22155
20515
19858
18066
18836
17178
16218
16628
15766
15496
14132
14872
13802
14158
13040
12685
13088
11929
12017
10952
11616
11662
10659
11522
9692
14804
4209529
120981
39181
27957
23491
21494
19823
18441
16572
18249
17890
17234
16279
15501
15113
14465
14605
13874
13220
13346
12214
11994
12160
12084
12230
11170
11506
10724
10156
10719
16562
3358402
104171
39356
28190
24452
21746
20093
19092
18091
18067
17267
16656
16314
15277
15151
15358
14836
13734
13899
13057
12423
12213
12205
11604
11685
11229
10879
11038
10702
21533
12323
3216090
101182
37948
27604
23782
21823
19918
19519
18381
18164
17600
17049
16042
15006
15814
14934
14755
13517
13378
13236
12253
11990
12328
11601
11923
10991
10462
11499
10567
21203
13329
1350866
100435
36770
28333
23593
21492
19682
19569
18448
17886
17935
16843
15635
16106
15142
14183
14043
14192
13945
13163
12313
12740
11506
12112
11291
11376
11662
11326
11456
16612
20304
1119172
96872
35950
27774
23462
21349
19275
19555
18998
17911
17143
16283
16202
16192
14522
15037
14326
13402
13338
13512
13410
11868
12015
12088
11204
11005
11576
11381
10920
18901
11826
1110241
77244
36293
27143
24059
21247
20032
18767
17888
17521
17023
16446
15613
15811
15093
15216
14149
13784
12883
13144
12168
12045
12764
11559
11409
11641
10762
10131
10509
15187
27700789
886254
69013
35896
26257
23150
20776
19450
19233
18014
17742
17103
16462
16717
15374
15536
15095
14750
13822
13019
13412
12919
12480
12172
11767
11817
11925
11426
10454
11296
20107
15532828
30902
21420
18713
16730
15103
13786
13670
11211
11018
11792
10675
17302
9333181
32819
20558
18537
16969
14499
13655
13695
11968
11515
11480
10951
17945
5970095
31700
21055
18497
16507
13110
13537
13035
12524
12416
12088
10755
15403
1217325
30692
21838
18519
16537
14961
13437
12530
12035
11525
11031
10681
23087
1160311
29133
20484
18235
15314
15062
14528
13553
11935
12067
11587
10528
13647
481044
28175
20371
18287
16404
14126
13462
12941
11634
11137
11549
11550
35178
312255
27663
21203
18342
16332
15396
13385
12671
12073
10360
10779
10732
184687
27947
21131
17999
16103
14365
13126
12534
11937
11575
11250
11159
141261
26949
19756
18301
16030
14496
13518
13569
11660
12250
10894
10841
93859
26263
20238
17755
15899
14783
13672
13272
12808
11453
11572
11340
73015
25550
20519
18432
15546
14315
14412
12691
12801
11232
11206
9937
68349
25469
20152
17295
16453
14793
13700
13254
12040
11296
11445
10824
50985
26396
19928
17128
15611
14113
13597
12937
12395
10990
10424
9763
48982
25282
19781
18294
16554
14392
14183
13306
11475
11539
11237
10628
46841
24633
19811
18220
16251
14869
13004
12904
12497
11576
10538
10170
43501
24953
19861
17325
15844
14291
13294
12852
12318
11594
10604
10293
42273
24344
19987
17088
15350
14908
13702
13021
12030
11112
10692
10609
41427
23616
19374
17625
16265
14759
13566
12494
12285
11955
11501
11040
35240
22174
20020
17076
14998
14178
13964
12093
11423
11194
11348
10858
34903
21858
19361
17971
15935
15013
13477
12375
11875
11342
10489
10029
34198
21676
19227
17374
15430
13636
13740
12468
11205
11812
10774
10261
34190
21978
18860
16627
15343
14169
12900
12412
11445
11974
11294
9965
32761
21717
18813
16846
15607
14530
13543
12031
11657
11246
11495
13673
25725300
31360
22001
19276
17127
15049
13853
12449
11999
11440
11804
11320
21588
27989082
26822
17561
16457
14650
13758
11172
11183
26177712
27023
17806
15354
15088
13741
12253
11437
18939413
26024
17060
16586
14854
13322
11595
11347
18492005
24897
16859
15398
14683
13822
12435
10150
16720047
24170
17235
16629
14437
12618
11577
11451
12560990
24202
17472
15408
13463
12593
11554
10744
8970959
24274
17076
15449
13780
13027
11599
10989
3355484
23794
17183
16090
14217
12754
11863
11152
3150357
23172
16759
15195
14070
12616
11063
10989
3048849
23304
16908
15157
13844
12857
11694
10169
1456795
21162
16647
15011
13207
13280
12327
10703
821497
24355
16347
14548
13748
12406
11529
10522
490401
20352
16657
14624
13807
12619
11882
10913
360571
20553
16971
14835
14174
12496
11613
10767
330043
19771
17310
14606
14201
12468
12106
11032
287607
19961
16473
15660
13847
12506
11573
10100
128157
19232
16520
15094
13927
13275
11358
10010
106321
19140
16325
14640
13354
12324
11821
10399
61115
19222
15574
14257
14291
12897
11261
16229
31047
19367
15672
14984
13109
11753
10966
15968
42158
18901
15987
14537
13784
11960
12053
13908
32500
19295
16471
15030
13549
12567
11570
19752
31498
18525
15880
14639
13710
11548
11459
31388855
31098
17654
15748
14145
13592
12477
11800
9151020
84741
53547
42054
35743
31682
28987
26773
25161
24617
23093
22269
21204
19798
19588
18877
18118
18051
17761
17630
16379
16448
15749
16186
15178
14672
14795
13804
13741
13018
13218
12481
11805
12239
11086
11223
17984
6024631
77749
53969
42510
36313
31293
28354
26818
26276
23738
22944
21942
20819
19443
19931
18553
19067
18043
18095
17317
16729
16679
15982
15807
15745
15468
14494
14069
13850
12834
12666
12032
12429
11170
11375
10834
21165
4817581
77393
52883
41942
35849
31343
28579
26530
32211
23042
22291
22844
20798
20805
19333
18643
19042
18069
17904
17116
16598
16273
15797
15210
14796
14956
14386
13494
13676
13459
12179
12737
11441
12133
11548
10427
18303
3987644
74656
51696
41312
36320
30672
28839
27493
25143
24125
22802
22441
20803
20251
19856
18512
18793
18045
18057
17930
16692
16780
15474
15601
15589
15353
13549
14520
13252
12486
12321
11875
12377
10833
11358
11377
20139
3086257
68803
50464
41263
35756
30351
27707
26506
24370
24612
23166
21219
20293
19568
18897
18804
18388
18405
18146
17173
16515
16733
15740
15263
14967
14309
13666
14046
13163
12539
12401
11964
11697
11562
10939
10849
23340
2887595
66484
49770
40362
34401
30506
28740
27610
24962
23634
23104
22286
20797
20184
19278
18415
19091
18697
17978
17424
17287
16792
16395
15543
15272
14890
14402
13744
14053
13922
12650
11785
11978
11622
10891
10548
22322
2596628
66170
49864
40026
35067
31023
28847
27125
24777
23820
21965
22062
20292
19341
19584
19012
17708
18048
17576
17201
17554
16615
15508
15625
15220
14897
14515
13719
13158
12998
12529
11643
11936
11107
10564
10669
22169
2156832
65917
49935
40006
34570
29618
27909
27463
24659
23620
22970
21728
20848
20384
17740
18323
17683
17999
17670
17230
17319
16710
15296
15338
15571
14429
12744
13771
13882
13798
13381
12427
11368
12158
11525
10784
22225
1706218
64873
48638
37957
34144
29915
28368
27069
25447
23628
22349
21413
20264
19648
19033
18529
18100
18080
17291
17524
17352
16584
16454
16042
15230
14412
14175
14155
13851
13271
12935
12217
11762
11295
11895
10271
15893
967318
63554
49188
39331
34377
30599
28726
26676
24863
23561
21932
21803
20763
20530
19235
18874
18739
18253
17619
16831
17065
16773
15178
16227
14637
14896
14724
13855
13239
12741
12671
12303
11705
11107
11289
11088
15369
914544
63252
47914
38504
32640
30432
28414
27068
17236
23871
22538
21610
20721
19458
19043
19243
18270
18364
17646
16700
16265
16267
16397
15706
15344
14211
14353
13259
13533
12559
13089
11726
11258
11167
10597
11179
15793
832716
62406
48418
38126
33581
29611
27874
26230
24433
24153
21896
21497
20478
20427
18869
18655
18315
18412
17113
17269
16875
16017
16004
15894
15015
14157
14063
14609
13240
12984
12923
12154
12062
11372
11737
10982
18168
655526
62925
47597
37860
32091
30757
27996
26507
25255
23356
22244
21050
20927
20190
19255
18693
17957
18151
17911
17458
16207
16565
15329
15745
14826
15232
14277
13792
13352
13330
12276
12807
11799
11504
11674
10091
16041
271450
60115
47944
37298
32608
29503
28767
25785
24492
22892
21973
21150
20511
19774
19103
18396
18108
18122
17809
16709
16439
16458
16252
15265
14902
14603
13537
13121
13095
12909
12150
12757
12283
11222
11331
10653
17576
149831
59674
47751
38293
34471
30395
27781
25865
25713
23344
21853
21118
19737
19659
19319
19090
18853
17707
17017
17545
16768
16470
15954
14778
15454
14280
14204
14211
12930
13068
12392
12278
11206
10910
10362
9996
21251
126496
58280
47748
38116
33013
25985
26873
25986
24834
23409
22253
20886
21115
19089
19537
18950
18053
18118
17270
16676
17121
15704
16315
15772
15774
13877
14313
13732
13554
13322
11916
12340
12122
10887
11131
10640
14361
122626
58509
47252
37711
32196
29397
26928
26241
25038
23415
22377
21302
20760
20065
18730
18789
18607
17158
17553
16992
16498
16639
16112
15884
14673
13985
14686
14385
13035
12804
11868
11480
11483
11554
11239
10813
165661
122718
57041
46129
36814
31866
29492
28039
25676
24086
23456
22672
22299
20686
19513
18836
18649
18783
17830
17262
17373
16999
15975
15592
15611
15919
14203
13692
13507
12612
12653
11965
12467
10888
11764
10502
10619
15113
110678
56791
46168
36643
32236
28517
26951
25934
24318
23286
22413
21658
20331
19173
19437
18320
18427
18467
16821
16496
16428
15870
15763
15615
14907
14252
13747
13559
13067
12683
11972
12149
11385
11852
10866
10886
19639
105603
56488
44275
36923
31449
29353
27865
25543
24808
22752
22553
21039
20128
19499
18362
18470
18527
18009
17245
17248
16817
16396
15873
15491
14571
14190
14439
14140
13065
12139
11933
11978
11250
11645
10878
16431
29633
101068
56090
44023
36769
31892
28805
27303
25562
23775
22827
22076
20524
20777
19450
18470
18321
18290
17631
17364
17045
16514
16113
16333
15849
15594
14803
14397
13537
13082
12677
13093
12229
11869
10962
10592
14853
25701
93710
56263
43616
36096
31547
28363
26863
25459
24493
23230
21706
21857
20800
19239
19557
18473
18415
18055
17425
16667
17391
16567
16242
15157
14093
13991
14499
13138
12221
13130
12957
11908
11240
10788
11017
20178
15289
90599
56618
42478
36511
31671
28606
27582
25938
24781
22240
21901
21122
20834
19932
18671
18398
18383
17989
18606
17486
16932
16346
15180
15350
14514
14717
14547
13450
12799
12475
12682
11634
11949
12344
11064
14150
15533066
80696
55723
42721
37122
31484
28414
26957
25778
24697
23019
22644
20998
19847
19396
18907
18459
18912
17825
17839
16753
17368
15816
15735
14738
15444
15070
14459
13378
13519
12772
13237
12300
11692
11759
11244
22127
16625866
148326
54018
42209
35368
32228
28643
27596
26645
24597
23123
21854
20789
21196
20348
19179
18921
18579
18634
19069
17830
17005
17903
17063
16973
16185
16052
15545
15440
14749
15801
13268
13494
14381
13227
12796
12338
12731
12592
12708
12340
12980
11649
11269
11338
10771
11639
11585
11131
9633
14181
22355
7115855
128179
53177
42190
35090
32007
29357
27223
26217
24729
23193
21490
21484
20902
20489
19599
19147
18472
18086
18567
18301
17644
17525
16773
17021
16129
15828
15583
15764
15418
13979
14862
12725
13581
14065
13569
13975
12201
12654
12904
12275
12347
12215
11044
10946
10409
11021
9945
10303
10656
30923
16998
2867496
124075
52871
41879
34875
32493
28782
27832
26158
25327
22945
21811
21032
18394
19584
19120
19514
19035
18422
18712
18024
17267
17280
17429
15980
16916
15933
15169
15543
15418
15331
13913
14706
13856
13341
13928
13732
13076
12314
12111
11564
11551
11462
11486
11973
10859
10981
10197
10849
9989
15649
17094
1770877
120878
53371
40410
34485
31646
29299
27961
26790
23255
22460
22588
21776
20644
20227
19598
18206
19029
17929
18248
17688
17264
18064
16686
16442
15847
16205
16169
15554
15174
14948
14765
14140
12998
13905
14186
12803
12674
12471
13604
11757
11752
11590
12300
11385
11430
10238
11285
10288
10736
18034
17185
1702227
109524
53034
40806
35125
31465
29114
27549
25239
24193
23388
22811
21011
20970
19830
19495
19089
19183
18478
19079
18888
17616
17413
17382
16433
16845
15207
15756
14669
14964
14314
14954
14127
14000
14073
13742
12997
12590
13067
12517
12511
11904
11611
12220
11730
10353
10686
10424
11017
10576
20948
18551
1425543
96152
51471
40731
35176
31735
28554
27113
25437
24670
22843
21928
20612
20272
20177
19434
18837
19248
18712
18351
18154
18326
17091
16826
15528
16916
15676
15659
14530
14467
14704
14369
14276
13280
13194
13150
13154
13211
12535
12674
11511
11113
12560
11878
11569
10623
10994
10839
10241
11102
16158
1285921
90341
50304
40149
35116
31426
27994
27016
24934
24407
23326
22421
22281
19981
18435
20108
18939
19076
18797
18840
17257
18087
17552
16553
16900
16345
13574
14825
14568
14753
14584
13320
13990
14161
13330
13325
13373
12641
12787
13359
12220
12358
11160
12068
11424
10616
11515
11171
10750
10814
14969
1258202
80273
49935
40534
34014
31556
28937
27244
25079
24600
23087
22802
21008
20845
20082
19757
19826
19416
18731
18168
17676
17506
16866
17239
16242
16403
15864
15435
15347
14117
14765
14429
14084
13809
13204
13567
13266
12798
12653
12064
12005
11887
12295
11753
11470
10283
11132
10651
10849
9785
37483
1190175
74340
50302
39598
35053
31203
28284
26649
25737
23925
23511
22605
21643
21104
20318
19510
19344
18816
18761
18515
18299
17886
16910
16632
16173
15547
16542
15934
14605
14595
14567
14263
13768
13374
13432
13505
13022
12784
13007
12881
11359
12063
11141
11735
10630
12287
11862
10443
10747
10469
24187
1023312
72926
49925
38863
34645
31636
28733
26682
25458
24589
22761
22695
21782
24681
20246
20108
18892
19009
18637
18873
17833
17739
17537
16646
16864
15593
16286
15122
14556
14565
14123
14201
13992
12834
12784
14207
12714
12822
12531
12148
11799
11634
12075
12310
11902
10940
11405
10463
10628
10237
14331
599948
67985
48342
38603
34784
30281
28320
26915
25081
24289
23032
22047
20675
20431
20234
20455
19416
18871
17799
17914
17969
17557
16897
16711
15919
16051
15478
15158
15890
14449
15572
14279
13848
14492
13697
13652
12822
13217
12848
12387
12025
12018
11624
11100
10624
11592
11961
10400
9887
10065
14053
528942
66890
48297
37813
34564
31079
28367
25796
25643
24043
23665
21848
20803
20107
20086
19583
19271
19067
18231
18325
18067
18110
17392
16939
16985
16553
15757
15362
15312
14268
14451
14615
13425
12844
12809
13507
11831
13414
12078
12078
12745
12975
11455
10899
11267
11282
11112
10289
10162
10688
29105
467957
65695
47211
38212
35222
31134
28792
27124
27117
23568
22471
22399
21390
20801
19489
18878
19848
19092
18316
18295
18575
17883
16454
16270
16266
16189
16138
14784
15358
15231
14211
14135
13510
13956
13842
13752
13148
12279
12182
11661
12618
12359
11585
12225
11307
11454
11363
11645
10751
9982
14089
286130
65517
44168
37921
35188
30640
28147
26948
25168
23645
23290
21512
21319
20057
19579
19297
19881
19344
18255
18068
17660
17866
17371
17052
16315
16673
15687
15506
14685
14505
15464
14382
13272
13936
13143
12967
13719
12681
13079
12772
11351
12706
10751
11646
11105
12193
11046
10902
10666
9939
16015
276111
63819
48015
37507
35357
30374
27611
26533
24848
21702
22493
21675
21087
20247
19989
20231
19473
19217
18517
18497
18136
17389
17965
16389
15945
15883
15724
15460
14599
15085
13733
14482
13325
13600
13479
13843
12973
13118
12737
12075
12725
11432
11987
11368
11787
11238
11220
11634
9891
10496
15537
251859
63092
47438
36947
33372
31000
28122
26007
25529
23578
29653
22131
20481
20870
19332
19335
18857
18839
19368
18540
17666
18325
17791
16524
16619
12900
15495
15496
15207
14741
14416
13674
13747
14342
12672
13678
12940
12815
12320
13088
12538
12339
12137
11256
11433
11472
11149
11558
9910
11037
26875
211063
62456
46713
36619
34317
30715
28198
25420
25430
24322
22146
26309
20668
20391
19537
19041
18277
19183
18244
18458
17544
18389
16693
16583
16533
15705
15468
15826
15081
15103
14727
14375
14723
13113
13046
12933
13155
13397
12413
12015
11927
12141
12002
11944
11572
11342
10480
11275
11371
9495
22847
195600
61937
46554
36452
33709
29800
27461
26467
24575
23657
23149
21628
21434
20110
19939
18713
18838
19452
18096
18368
17887
18149
16882
17582
15803
16546
16309
16069
14901
14519
14185
13582
13187
13183
12991
12604
13145
12979
12860
12016
12060
11529
12061
11397
11572
11169
11347
11297
9949
9409
17922
184196
58562
45980
37071
33701
30760
28085
26711
24335
23358
22187
21722
21071
19854
20111
18884
19564
18429
19185
18188
17426
17507
16752
16153
16616
16173
16238
15379
14094
15219
15282
14455
13766
13199
13345
13153
13169
12902
11839
12448
12544
11689
10849
11833
11395
11055
10964
11356
11020
19454
13945
186651
57239
44660
36727
33522
29842
27489
26203
24499
22995
22773
21267
16436
21171
19442
19426
18667
19341
18279
18022
17195
17876
16473
16298
15879
16439
15597
15267
15293
15870
13826
14557
13936
14020
13304
13248
13113
13450
12183
12716
12296
12087
12079
12095
10966
11087
10479
10473
10783
15252
19002
180406
57154
43248
36148
32685
30317
27260
25831
24560
23328
22319
21758
20879
20573
19928
18825
18641
18786
18393
18377
17761
18469
17767
15800
16244
15459
15760
14607
15301
15374
14007
14019
13564
13356
12593
12781
12256
12626
13227
12364
12684
12310
10532
12252
10974
10952
11306
10650
9961
13643
14073
157071
56830
42897
35913
33158
29877
27841
24791
24490
24109
22571
22043
21303
19722
19369
19487
18247
18671
18307
17789
18303
16865
16509
16943
16519
15250
16371
15236
14872
15491
14350
14534
14488
13847
13620
13334
13337
13424
12506
11409
12427
12119
12059
12280
10691
10473
11948
10169
10511
17299
13080
149393
56410
42214
35111
32500
29264
27450
26039
24393
23308
22398
21222
20342
19751
19460
19727
19789
18582
18707
18550
17839
17918
17481
17041
15793
16126
15979
15740
15207
15043
14758
14341
10743
13557
13021
13331
13202
12238
12785
11759
11456
11357
11951
11150
11209
11194
11803
9573
9816
18923
14472
37988911
149245
54379
41180
35454
32059
29477
27771
25789
24017
24193
22594
21032
20331
20673
19047
18891
19028
18624
18665
18457
17434
17864
17259
16534
16465
16570
15720
14626
15324
13882
14763
14188
13232
13674
13300
13274
13675
12267
12793
12485
11590
12019
10998
11100
11096
11506
11338
10733
10339
13487
14070
329637
46527
30593
23034
19808
17667
14139
13955
11851
21937
298590
46629
29770
22964
19581
16992
14399
14237
11510
15065
236833
44649
30480
22556
19387
17239
15063
13763
12229
25227
180538
44219
28965
22998
19576
16648
14453
13164
11820
26252
160195
43792
29639
22258
19555
16866
13813
13090
12674
27118
158915
43019
28229
21906
18666
17781
14167
12883
11246
154912
42951
27057
21843
19273
16465
14221
13179
10895
154641
42667
26848
21462
19441
16687
14223
12637
11810
154480
41140
26913
22028
18312
16494
14086
12401
11601
136794
40197
26430
21916
18595
16103
13656
12857
10678
132801
38429
25817
21529
18356
16358
14833
12938
11590
124412
38371
26036
24233
18915
16228
14112
12294
10447
120411
38702
26083
21301
18142
15539
14319
12026
11263
112653
34973
25364
20657
17760
16386
14174
12017
11376
80732
33557
26047
20660
17922
15631
13390
12490
11697
81462
33995
25795
20376
18011
11523
14172
12521
10422
66889
45287
25219
20640
17974
16388
14183
12223
11260
63238
33904
25067
21164
17880
14928
14178
11272
10469
63294
33879
23848
21137
18192
14904
13678
12592
11054
59606
32962
24309
20444
17939
15638
14180
11857
10552
55591
27162
24803
19553
17979
15696
14166
12056
10045
51242
32430
24019
20150
17097
14896
13428
11333
10359
50188
31515
24152
18512
17421
15245
14445
11708
22729
760520
46134
32350
22592
19863
17563
14033
13553
10866
27912
12715337
73681
37759
29306
23939
19952
18495
16032
13960
12816
12429
10379
1565839
73000
36969
27868
23356
20424
17883
15528
15339
12922
9927
11130
1305495
72864
37925
27634
22747
19757
17671
15655
13849
13145
12010
10743
1158098
72344
35775
27846
21743
19682
17797
15955
14383
13245
11741
9826
750845
62152
35353
27425
22428
19716
17295
16665
15013
12502
11443
10688
709773
60036
34695
28076
21274
19863
17514
16238
13706
13175
11359
17560
370949
59532
34189
26551
21585
19657
17014
15361
14302
11966
11429
13526
302579
57911
33986
26612
21728
19515
17535
15845
14609
12333
11871
25492
289702
29473
33096
26871
21173
18913
17127
15272
13955
12200
11323
25402
274565
54740
33501
26482
21421
19301
17473
16129
14072
12438
11524
27040
242720
48690
33030
26256
21874
19609
16485
15555
14217
12889
11279
18857
222257
46761
33302
26623
21094
19544
17250
15861
13448
12951
11367
18123
217378
47354
32798
25341
20689
19555
17203
15477
14616
12442
11445
13324
192025
46196
32250
24815
21220
18973
16072
14858
14408
11888
11591
15732
165542
44889
32181
25301
20417
19452
16588
13014
14130
12020
11004
17007
158081
45030
32363
24590
20275
19646
16596
14484
13587
11995
11353
14335
154350
43839
31952
24577
20521
19017
17351
15092
12808
11793
11531
124098
42792
31839
26196
20427
19076
17150
14497
13562
12022
11538
119415
40134
31127
24733
20521
18675
16014
15489
12633
12135
11190
103608
40492
30595
24625
20691
18037
17013
15269
13006
11788
10497
102456
40304
30721
24400
20502
18403
16734
14470
13996
11658
10296
86008
39988
30236
23344
19924
18619
16566
14915
13578
12653
11277
75991
40596
29750
24534
20709
18391
15792
14332
13082
11797
10940
13820376
75118
39163
29586
24201
20681
17670
15884
13815
12612
12586
10355
13099977
235521
29599
22659
20985
20309
19125
18320
17334
16496
15878
16160
15623
14460
15474
15180
13641
13266
13701
13625
11707
11556
11101
11662
10755
11151
10378
9414549
166779
30092
22725
20614
19565
19354
18419
16837
17010
16761
15758
15399
15122
15030
15190
13380
13001
13005
13007
12206
11746
11759
11643
10469
10695
9804
9304919
211992
30458
22932
20849
19936
18943
17289
17570
17040
16507
16156
15017
15470
15035
14102
14342
12967
13431
12491
12559
12074
12035
11376
11649
11106
9940
5823292
189971
28731
23685
21189
19230
19053
18116
17491
17110
16938
16035
15117
12462
14065
14584
13598
12889
13877
12499
12792
11983
11958
12060
11342
10708
16673
3227936
147637
29575
23240
20949
19386
18663
18008
17013
17187
16742
15809
16044
15802
14484
15263
13682
13676
12533
12589
12125
12439
11226
11789
11347
10198
15983
3152875
126657
28467
23069
20270
20025
18895
17529
17234
17426
15667
15625
15996
14562
14138
12455
13222
13061
12722
12795
12750
11721
11573
11627
11091
11077
17842
2755964
94401
28454
22820
20747
19148
18213
18386
17174
16743
16270
16629
15542
14856
14817
13914
13242
13552
12876
13131
12911
12611
11602
11230
11497
10523
15445
2135309
83210
28609
22375
21297
19748
18383
17885
17450
16767
16712
15935
15709
14716
14757
13663
13886
13204
12637
12687
12147
11709
11487
11340
11513
11103
27158
2001346
53062
28413
23282
20675
19907
18830
18619
17778
17157
16734
16233
15424
14427
15278
15083
13708
14030
13107
12881
12389
12563
11976
10784
10411
10704
19302
1695084
17255
27761
22339
20554
19376
18968
17381
17110
17042
16367
15660
15657
15037
14147
14079
13790
13599
13394
12984
11696
10797
11563
10826
10507
10908
16438
900207
43314
27283
22723
20212
19360
18435
17955
17233
17075
16084
16510
15739
15047
14612
13445
13962
13739
12600
12913
12240
12532
11548
12069
10956
10880
14675
875777
42561
28355
22964
19373
19012
18716
17214
16753
16692
16657
16276
15468
14703
14681
14890
14133
13258
13276
13252
12809
11085
10970
10776
10855
9758
18101
830380
39123
26651
22500
19946
19235
18544
17081
17944
16497
16683
15909
15157
14569
14381
13835
13744
13438
12819
12550
11908
11910
10892
11480
10373
10955
22183
794499
38340
26847
21984
20338
19309
18629
18100
17074
16957
16589
16066
15461
14717
14749
14002
14463
13020
12619
12613
11662
11958
11197
10976
11236
10104
13611
632255
35905
26223
21790
20217
19635
18025
17155
16744
16663
16471
15401
15652
15395
14590
13808
14477
13123
13407
12230
12169
11913
11394
10606
10527
10218
13405
617522
34384
25587
21182
19679
18444
18866
17381
16745
17568
16609
15565
15108
14532
14421
13602
13478
14138
12721
12774
11998
11815
11465
11472
11656
10964
17923
613500
32818
25895
21992
20344
18839
18248
17356
16794
17225
16170
15751
15068
14260
14905
14586
14318
13795
13054
11932
12335
12123
11761
11260
10535
10337
515126
33026
24454
21349
20558
18885
17994
17498
17320
16842
16239
16244
15855
14504
13623
14553
13325
13309
12780
12321
12063
11505
11740
10651
11498
10408
451058
32328
24494
20958
20461
18890
18015
17290
16735
16884
16624
15387
15533
15099
14414
13865
13123
13382
13574
12104
11961
11333
11427
11577
10787
11214
372778
31347
23983
21824
20483
18953
18339
17734
16475
16708
16165
15463
15511
15051
14467
13964
13943
13273
12526
12463
13045
11996
11722
11716
10906
9800
320844
31611
23387
21528
20039
18417
18111
17458
17643
15741
16556
15428
15200
14433
14843
14601
13085
13121
12566
11931
11356
11300
11768
11077
10878
11018
315636
30901
22901
21626
19970
18402
17911
17729
16607
16001
15118
15579
14937
15098
14082
14165
14223
13541
12771
11994
11717
11455
11846
11517
11400
10791
309674
29969
22510
21250
20004
19167
18397
13091
16341
16165
15724
16039
14610
15171
14237
14264
13231
13056
13015
11773
12433
11469
10937
10751
11270
10947
14173355
271694
30554
22805
21109
19588
18887
17820
17642
16830
16327
16261
15652
15565
14398
14349
14383
13996
13715
13704
12643
11840
11598
11496
9523
10494
10092
19442583
16428
11532
7590454
16672
12023
6103312
16642
11330
5910902
14204
10592
5908199
14323
17630
4567850
15197
16976
654233
14525
649317
14654
169654
14065
152633
13678
101819
13270
82976
13516
54510
13278
53686
13453
26761
12486
24914
13030
23368
12654
24126
12734
21705
12533
19968
12371
19608
12111
18812
12637
17251
12013
44423824
17928
12922
40014433
118456
34978
24660
22075
19481
18251
18217
16861
16588
16422
16006
13866
13290
13172
12469
12158
11905
10370
10071
36894367
115808
34159
25196
22070
20553
17899
17964
17183
15965
15815
15469
13976
13172
13095
12994
11574
11161
11077
11101
22078486
110013
32189
24380
22382
20269
18147
17554
16874
17170
15861
15066
13744
14035
13603
12617
12253
11317
10806
10182
18937812
79871
32054
25258
22491
19192
18369
17013
16695
16384
15067
14991
13824
13071
12610
12166
12567
11412
11334
9707
9777327
77786
30568
24961
22160
19818
17945
17098
16856
16243
15901
14666
14492
13416
13200
12028
12574
12027
10705
13579
6887728
72058
31090
24001
21354
19861
17708
17658
16927
15990
15306
15464
14009
13999
13047
12493
12114
11303
11367
16152
6360725
66639
30392
24558
21986
19300
17726
16717
17256
15818
16122
15161
14074
13427
13075
12127
11695
11830
10847
13973
5463388
248587
30057
23806
21520
19557
17731
17907
16532
16141
15453
13349
14929
13888
13149
12183
12253
11080
10890
26836
3496257
56862
29980
24641
21947
19604
17628
17019
16695
16567
15654
14730
14380
13897
12729
13098
11520
10497
10814
18691
3075533
55169
29556
24321
21915
19660
18332
17157
16301
16242
16065
14696
13422
13807
13460
12900
11942
11863
11434
13434
1437563
52823
30096
23590
20267
19482
18247
16608
17263
15689
15704
15234
13819
13381
13282
11859
11578
11339
11624
1335150
52379
30284
23065
21548
19007
18813
16577
16231
15233
15274
14587
14414
13404
12629
11892
11792
10107
10503
1070440
50959
29912
23517
20613
19239
17509
16730
17030
16965
14788
15091
14323
13887
13157
12438
11763
10842
10824
926220
49813
28960
23393
21402
18940
17734
16904
17126
16427
16027
14786
14589
13302
13175
11750
11668
11678
10549
911372
47324
28132
23087
20786
19632
17626
17235
16061
15168
16156
14709
14661
14148
12819
12400
11736
11875
10451
900925
46433
28027
21767
20616
18936
18251
16572
16777
15606
15796
14049
14084
13024
12876
12587
11061
11258
11312
899017
42915
27028
22026
19921
18492
18129
16848
15992
16527
15500
14849
14556
13410
11906
11871
11688
11396
10717
514435
41748
26761
23506
20341
18029
17946
17396
16802
15839
14786
14395
14069
13654
12426
13007
12400
10680
10921
325384
41162
27136
22438
20207
18691
17431
16830
16037
16103
15383
14771
13782
13535
12519
11908
11037
11184
10398
213241
40837
27063
22796
20227
18534
17800
16932
16717
15633
15219
14740
13974
13027
11923
12654
11530
10593
10950
198459
37816
25955
23386
20685
19114
17935
17456
16333
16372
15191
14346
13290
13111
12247
12762
11431
11306
10270
188169
37516
25187
23488
19960
18366
17368
17096
15777
16216
15972
14588
14383
13552
12756
12471
11576
11304
10959
189419
36623
24388
22175
20630
16228
17910
16455
15893
15983
13005
14308
12996
13429
12401
12414
11096
11112
10485
68380386
153178
43379
24724
22619
19858
18097
17032
16088
16022
15298
14983
14622
13351
12664
13133
12284
11229
10933
9938
28662630
789837
26960
20897
18986
16896
16549
15314
13921
13035
12265
12413
11044
10017
9783549
738925
26053
20568
19354
17274
15548
15433
14045
13183
12708
11938
11929
18765
9433465
671032
24691
20117
18806
17368
16416
15180
14420
13273
12104
12753
10908
18140
8521576
600443
24646
20635
19031
17320
15746
14678
13600
13098
12757
12647
10847
28847
5221968
515228
24880
20321
19459
17047
16155
15094
14390
12723
12392
11658
11527
14368
4379889
511553
24640
20997
18443
16244
15357
15066
13899
12787
12280
12125
11220
17244
4256277
360970
24965
20064
18424
16947
15499
14522
13530
13566
11977
12197
10463
14764
3059558
309650
24376
20552
18527
16589
14838
14727
13408
13271
12421
11815
10634
16187
2991375
302201
23771
19766
18866
16968
15644
14732
13410
13105
12675
12155
11952
18502
2782000
275441
23823
19285
18160
16449
14691
15204
13402
13606
12763
11397
10282
18650
2733427
245731
24636
18943
18997
16091
14828
15077
12583
12801
12888
11722
10685
14221
2553628
229733
23695
19938
17402
16425
14681
15051
13632
13216
11958
11284
10708
15361
2544086
168043
23655
19395
17721
16839
16125
14916
14259
13744
12081
11957
10935
2502820
150594
23619
19572
17868
16116
16153
15128
13766
13014
12366
12399
10918
2386120
144253
22894
19368
18256
15184
14922
13906
13472
13554
12820
11184
10519
2211826
122918
23018
20021
17603
16340
14896
14638
14441
12677
11923
12132
11067
2040730
72821
21737
19011
17817
15681
15164
14173
13875
13230
11974
12302
10882
1624810
51488
22561
19412
17772
16573
15448
14103
14161
12528
12203
11110
10102
1418042
40003
21297
19624
16945
16908
15802
14591
14347
12920
11779
11561
10356
1253991
34802
21427
19350
17296
15631
14956
14345
13690
12093
12623
11916
10221
1071568
30644
21301
19348
17540
16654
15573
13822
12920
12335
12059
10849
10029
948640
29852
21356
19300
18169
16196
15371
14355
13136
12655
11592
11318
10688
928223
29790
20816
18595
18083
15982
15686
13901
12979
12913
12377
11079
10713
38820933
918575
28852
15238
18943
17263
15696
15798
14932
13037
13306
11910
11812
10793
32579475
39936
26536
22420
18374
17158
16266
14754
13919
13205
12376
11374
13476
27908030
37943
25330
22777
18900
17078
16029
14428
14196
12832
11521
11448
15420
18320800
36707
25733
22040
18862
14571
16421
14506
14305
13059
12205
10370
14818
17258973
36674
24542
21427
19057
17296
16285
15170
14271
13434
13070
11253
17804
12324231
35189
25391
22129
18273
16195
16390
15359
14018
13017
11788
11072
11466835
34094
24849
21780
17799
17089
16132
14192
14365
12870
12387
10736
5301528
32471
24587
20518
18852
17123
15498
14958
13307
13333
12017
10876
4966994
32444
25242
20645
18002
17710
15718
14280
14571
12968
13012
10845
2523103
29775
24994
20386
18069
16937
15551
14863
13085
12944
12751
10490
1083738
30085
24434
20952
18671
17275
16380
14851
13693
12580
12206
10610
1015004
30856
24192
20188
19003
17318
15774
14576
14031
12709
11691
11012
736543
30208
24866
20099
18709
17209
15182
14496
13800
12989
11194
10545
700611
29506
24408
20112
18116
16486
15784
14605
13141
12929
11360
10631
533223
29827
24845
19718
18641
17173
14858
14616
14158
12925
12009
10786
238097
29529
24013
20315
17956
16378
15180
14330
13791
12641
11312
10765
127450
28704
24555
20087
18386
16378
14805
14432
13168
12900
12484
11053
96616
28254
22709
19806
18358
16059
15093
15039
13571
12130
11339
10141
91092
27726
23846
19318
18618
16150
15418
14183
13739
12799
11426
10163
72337
28214
23698
19147
18862
16513
15560
13579
14222
12019
11270
11146
64617
27473
23381
19267
18441
15996
14858
14541
13137
11987
11095
14074
61867
27160
23307
19012
18368
15997
15425
14224
12868
12045
11567
14300
50211
26539
23233
18666
17279
16440
15296
14001
13729
12171
11061
12655
51093
26501
22680
19676
17846
16259
14794
14468
12856
12581
10870
17178
49200125
46965
27079
22578
19754
17147
16281
15277
13579
12982
11936
11371
15522
11978770
37229
25530
20306
16873
13970
11432
14699
6732070
35646
26418
20076
16218
14039
11564
17710
480102
35537
25674
19871
16118
13200
11373
13305
172898
35096
25694
20810
16590
13094
11775
120172
34679
24640
19043
15036
12861
12061
119260
33777
24769
19238
16204
12825
12467
98638
33644
24739
18989
16335
12900
12317
75818
33068
24372
19398
15735
13419
10753
67826
32869
23864
17474
16046
12034
11499
68288
31950
24372
18411
15724
12921
10380
65206
32783
23554
16586
15821
12883
10303
60588
31758
23459
17782
15485
12105
11113
58162
32060
22817
17673
15758
12345
10108
57114
31313
22077
18219
15216
12456
11015
56835
30196
22555
18706
15574
11806
10779
53820
31056
22209
17591
14712
12920
10084
50365
30485
22388
17973
14914
12092
17877
49932
31199
22797
18568
14471
12067
13194
46530
29010
21300
17982
14916
11677
38663
51997
27935
21713
17829
14535
12384
18692
44096
27438
20890
17320
14076
11739
16922
40776
28067
20150
17057
14050
11572
16256
40617
27107
21571
17399
14173
12485
23179
14219525
38975
27001
20983
16828
14268
11908
18342
24715907
80482
52198
42889
37967
34378
31921
28684
27314
27203
26091
24476
23592
22078
21271
21001
19642
19659
19801
18561
17869
18303
17514
16018
16176
15760
15751
13811
13407
13213
13187
11633
12338
11878
11402
11607
19330
16032346
78633
51081
43677
37897
33540
31823
29049
27443
25259
26147
24202
23691
22077
21308
20683
19835
19447
18751
18932
18557
17472
17596
16925
16029
15508
14319
14781
13735
13497
12592
13242
12569
11563
10772
10286
19093
13513557
74143
51210
42768
37367
32985
30762
28999
27336
26857
25666
24787
23074
22469
22098
21152
19622
19789
19535
18994
18286
18764
17369
16392
16075
16000
14561
14888
14039
14152
12760
12379
12403
12015
10950
11136
22824
6211754
71054
50453
43310
37642
33691
31537
29092
28213
26342
24973
24161
23115
22214
21966
21089
20377
19889
18950
18609
18049
17364
17452
16187
16808
15091
14547
14955
14090
14028
12450
12175
11721
11854
10771
10781
18454
5883348
71595
50536
42315
37267
33620
31382
28943
27197
27037
25404
23919
23140
21763
21603
20547
20303
18910
18891
18628
17812
17491
16262
16550
15803
14858
14748
13981
12800
12335
12293
12489
11446
10625
10910
24520
4985187
70364
50376
42674
36433
33294
31326
28290
27157
26382
24827
23387
22869
21845
20901
21298
19934
19392
19121
18529
18286
17926
16895
16583
16301
15555
15383
14804
13501
13661
12229
11995
12501
10320
11420
10149
23474
2482497
68263
49925
42039
37231
33550
31307
28940
27395
26849
25532
24486
23162
21357
20868
20618
20087
19330
18670
19150
17996
17046
17614
16470
16230
15496
14736
14317
13657
12523
12578
11487
11751
10881
10861
18091
493618
67217
50053
41632
35785
32785
30890
28617
26678
25835
25418
23834
23249
22355
21454
20506
19656
19765
18550
18193
17957
17630
17194
16707
16112
16330
14702
14674
13731
13554
12650
12121
12339
11452
11787
11527
24910
418411
64381
50015
41528
35489
33565
31007
27775
27123
26095
25183
23947
23546
21528
21722
21445
19545
19857
18397
18340
18517
17716
16616
16239
16855
15350
14341
13651
13280
12620
11889
12369
12188
11452
10918
10817
21386
248209
65342
48988
41195
35925
33135
31608
28541
27110
26257
25333
24626
22524
21664
20745
20739
20152
19941
18580
18255
18348
18120
16557
16906
15106
15324
14663
14700
13551
13739
12672
12195
12399
11468
11253
10204
17571
206726
64525
48474
40378
35344
32526
30476
27750
27224
25659
25432
24332
23648
21966
21541
20712
20149
19569
18571
18177
17846
17275
17054
16141
15266
15190
14952
14599
13324
12767
12825
12709
11428
11199
10608
11262
21129
188084
63385
47938
40229
35445
32875
30734
27877
27419
25932
25725
24023
23007
21744
21528
20707
19313
19157
19367
18849
18146
17702
17436
16246
15676
15238
15194
13479
13775
12787
12666
12290
11935
11059
10870
10600
21449
140500
64067
47941
40369
35406
33187
30053
27945
26941
25996
25100
23872
22360
21758
20748
20595
19995
19448
18985
18486
18459
18073
17493
16293
16443
16137
15363
14002
14362
12511
13053
11853
11896
11522
11361
11221
26705
117324
61806
48151
38716
36176
32178
30161
28411
27002
26372
24761
24497
22974
20828
21248
20375
19620
19765
18913
17568
17506
17521
16320
17045
16342
15682
14188
14354
13789
12726
12420
12271
12054
12069
11048
10526
20130
104913
59746
47507
39498
35368
32978
30502
27710
27412
25260
24853
23727
22767
21461
21000
21026
19231
18924
19284
18869
17472
17338
16826
16633
15576
15732
14212
14547
13392
12914
12907
12795
11908
11927
10490
10427
25431
99749
59909
47117
39342
34774
32296
29661
28478
27722
25689
24455
24422
23142
21346
21170
18895
19687
18974
18623
18473
18301
16913
16508
15906
16412
15742
14219
13651
13158
13168
12388
12244
12173
11176
10980
10876
15097
97104
58803
46876
39108
34211
32188
29580
28198
26316
25585
24928
23225
23344
21571
21547
20376
20137
19473
18561
17793
17840
17782
16634
15805
16301
14642
14568
14614
13425
12837
12813
12250
11249
11121
10691
10866
18604
94823
57823
46986
38753
35696
32004
29812
28038
27039
25096
25270
23909
22508
21319
21018
20619
20011
18290
18587
18711
18840
16735
17084
15980
15976
15190
14142
14493
13976
13081
12862
13204
11459
11394
11368
10420
90998
56999
45446
38745
34875
32029
29028
27538
27167
25883
26197
23459
22760
20893
21713
20356
19776
19239
19524
18389
18136
17425
16489
16664
15875
14984
14114
13614
13306
12600
12349
12219
11780
10830
11466
10503
90907
56350
45570
38721
34869
32071
29810
28198
26886
26332
24852
24053
22182
21614
20660
21145
19678
18917
19055
18573
17889
17630
16739
16398
16177
15512
14009
13817
13671
12546
12362
12166
11761
11581
10498
10391
90262
55550
43795
37856
34662
32092
29050
27455
27180
26299
25474
24107
21985
21442
20319
20189
19930
19276
18746
18664
17594
17361
16362
16731
15344
15297
13818
13409
13393
12520
13022
11950
12160
11123
10250
10022
89743
55328
43400
37711
34313
32517
29315
28144
26949
25566
24985
23331
22404
20897
21077
25241
19607
19292
18429
18562
18377
17815
16990
16844
15759
15097
14691
14034
13253
12696
12302
12131
10974
10796
9914
85324
54966
43907
38680
33996
31995
29501
27858
27174
25679
24628
22603
21999
21633
20608
20004
19923
19377
18401
18080
17295
17146
16172
16448
15127
14852
15016
13749
13581
13316
12268
12678
12029
11593
10821
10433
33380913
81289
52129
44107
38056
34008
31459
29633
27698
26767
24999
25193
23046
21915
21138
20486
19914
19780
19200
19414
17935
17740
16917
14931
15976
16166
15216
14589
13914
13467
12595
11866
11829
10755
10883
18310
7767333
24514
18115
14999
13494
11326
17169
4083991
23582
17849
14437
12769
11887
13204
2752075
23803
18246
14858
14023
11423
1967418
23075
17666
14850
12648
11420
1540652
22105
17715
15321
12984
11060
591124
20619
17765
14703
12669
11723
400352
20686
17599
14436
12465
10749
137262
20905
17723
14682
13771
11822
108009
19481
16824
14368
12718
11017
50956
20519
17759
14954
13161
10551
52404
20104
16795
13619
12712
10743
48844
19813
16695
14313
13228
11094
49160
19624
16505
14520
11890
11231
45177
19851
17155
13713
12211
10246
36670
19191
16957
13658
12149
11139
35264
19998
16047
13585
12806
10844
35151
18489
16199
14332
11987
10785
34118
18111
16521
12849
11814
15947
33188
18402
16604
13347
11555
15382
32772
18447
15221
13468
11342
17068
31498
18545
14966
12113
10893
14160
28024
18352
15416
13238
12876
11980
26644
18714
15086
13925
12517
14319
55258058
26024
17894
15474
13673
11459
12976
